qt_to_Q	unpol_bn	err	unpol_rc	err	sivers_bn	err	sivers_rc	err	collins_bn	err	collins_rc	err
1.000000e-02	8.617427e-05	9.567266e-19	8.096594e-05	8.559595e-10	1.288271e-14	2.044023e-06	-8.983215e-05	8.227220e-04	7.260655e-04	8.384445e-17	8.902543e-04	8.259568e-04	
2.000000e-02	8.602730e-05	9.550949e-19	8.082976e-05	8.534581e-10	1.110956e-14	4.087959e-06	-4.566756e-05	8.052444e-04	1.452100e-03	3.987309e-15	1.646437e-03	8.116860e-04	
3.000000e-02	8.578290e-05	9.523815e-19	8.060337e-05	8.516466e-10	-7.711137e-16	6.131722e-06	-1.213935e-06	7.878368e-04	2.178073e-03	3.613516e-16	2.402168e-03	7.974592e-04	
4.000000e-02	8.544191e-05	9.485958e-19	8.028748e-05	8.469910e-10	-8.809153e-15	8.175228e-06	4.349148e-05	7.705209e-04	2.903955e-03	5.370478e-15	3.157400e-03	7.832663e-04	
5.000000e-02	8.500549e-05	9.437505e-19	7.988316e-05	8.422323e-10	-8.537975e-15	1.021840e-05	8.841255e-05	7.532667e-04	3.629717e-03	6.025079e-16	3.912086e-03	7.690928e-04	
6.000000e-02	8.447511e-05	9.378621e-19	7.939182e-05	8.356493e-10	-6.115099e-15	1.226115e-05	1.335126e-04	7.360639e-04	4.355331e-03	3.639787e-15	4.666176e-03	7.549201e-04	
7.000000e-02	8.385256e-05	9.309504e-19	7.881507e-05	8.287581e-10	8.170998e-16	1.430341e-05	1.787528e-04	7.188857e-04	5.080770e-03	6.199214e-16	5.419627e-03	7.407275e-04	
8.000000e-02	8.313994e-05	9.230387e-19	7.815477e-05	8.204605e-10	-4.124200e-16	1.634511e-05	2.240945e-04	7.017123e-04	5.806011e-03	1.521276e-16	6.172403e-03	7.264909e-04	
9.000000e-02	8.233962e-05	9.141534e-19	7.741315e-05	8.111098e-10	-1.181269e-15	1.838619e-05	2.695004e-04	6.845226e-04	6.531031e-03	5.639743e-16	6.924461e-03	7.121821e-04	
1.000000e-01	8.145426e-05	9.043239e-19	7.659284e-05	7.998824e-10	1.375921e-15	2.042659e-05	3.149300e-04	6.672854e-04	7.255811e-03	1.018407e-15	7.675743e-03	6.977679e-04	
1.100000e-01	8.048678e-05	8.935827e-19	7.569617e-05	7.887127e-10	1.055148e-15	2.246627e-05	3.603410e-04	6.499649e-04	7.980335e-03	8.599345e-16	8.426250e-03	6.832174e-04	
1.200000e-01	7.944034e-05	8.819649e-19	7.472607e-05	7.771325e-10	8.905897e-16	2.450519e-05	4.056982e-04	6.325372e-04	8.704587e-03	7.590265e-16	9.175954e-03	6.684926e-04	
1.300000e-01	7.831834e-05	8.695082e-19	7.368591e-05	7.640875e-10	-3.499772e-15	2.654332e-05	4.509603e-04	6.149624e-04	9.428559e-03	1.887003e-15	9.924796e-03	6.535501e-04	
1.400000e-01	7.712437e-05	8.562525e-19	7.257857e-05	7.496602e-10	2.718338e-16	2.858064e-05	4.960858e-04	5.971992e-04	1.015224e-02	4.661999e-16	1.067281e-02	6.383497e-04	
1.500000e-01	7.586223e-05	8.422400e-19	7.140794e-05	7.351496e-10	-1.645547e-15	3.061715e-05	5.410362e-04	5.792077e-04	1.087564e-02	7.127286e-16	1.141993e-02	6.228401e-04	
1.600000e-01	7.453589e-05	8.275146e-19	7.017749e-05	7.200425e-10	-9.344038e-16	3.265284e-05	5.857544e-04	5.609255e-04	1.159875e-02	3.382966e-16	1.216616e-02	6.069718e-04	
1.700000e-01	7.314945e-05	8.121221e-19	6.889104e-05	7.039937e-10	-3.542386e-16	3.468775e-05	6.302154e-04	5.423220e-04	1.232157e-02	1.934601e-16	1.291150e-02	5.906904e-04	
1.800000e-01	7.170717e-05	7.961095e-19	6.755244e-05	6.870353e-10	-1.150808e-15	3.672189e-05	6.743669e-04	5.233357e-04	1.304413e-02	4.001799e-16	1.365594e-02	5.739383e-04	
1.900000e-01	7.021338e-05	7.795251e-19	6.616586e-05	6.701982e-10	-1.346678e-15	3.875533e-05	7.181668e-04	5.039123e-04	1.376644e-02	5.125695e-16	1.439945e-02	5.566528e-04	
2.000000e-01	6.867253e-05	7.624183e-19	6.473494e-05	6.526089e-10	-6.986710e-16	4.078812e-05	7.615689e-04	4.839920e-04	1.448851e-02	2.274830e-16	1.514215e-02	5.387726e-04	
2.100000e-01	6.708912e-05	7.448389e-19	6.326427e-05	6.344365e-10	-5.527072e-16	4.282035e-05	8.045192e-04	4.635076e-04	1.521039e-02	2.388171e-16	1.588394e-02	5.202251e-04	
2.200000e-01	6.546769e-05	7.268374e-19	6.175777e-05	6.159812e-10	-5.668948e-16	4.485211e-05	8.469859e-04	4.424027e-04	1.593210e-02	2.501487e-16	1.662492e-02	5.009400e-04	
2.300000e-01	6.381280e-05	7.084644e-19	6.021975e-05	5.966746e-10	-9.343155e-16	4.688353e-05	8.889213e-04	4.206074e-04	1.665368e-02	2.614782e-16	1.736508e-02	4.808397e-04	
2.400000e-01	6.212902e-05	6.897707e-19	5.865437e-05	5.779611e-10	4.756792e-17	4.891473e-05	9.302589e-04	3.980411e-04	1.737520e-02	5.473034e-16	1.810447e-02	4.598438e-04	
2.500000e-01	6.042088e-05	6.708066e-19	5.706583e-05	5.587951e-10	-1.227141e-15	5.094588e-05	9.709673e-04	3.746376e-04	1.809669e-02	3.312007e-16	1.884315e-02	4.378671e-04	
2.600000e-01	5.869290e-05	6.516221e-19	5.545827e-05	5.392891e-10	-1.015261e-15	5.297716e-05	1.010976e-03	3.503118e-04	1.881823e-02	2.954636e-16	1.958116e-02	4.148204e-04	
2.700000e-01	5.694951e-05	6.322665e-19	5.383578e-05	5.198527e-10	-1.686848e-15	5.500876e-05	1.050240e-03	3.249887e-04	1.953988e-02	4.835269e-16	2.031857e-02	3.906095e-04	
2.800000e-01	5.519507e-05	6.127884e-19	5.220239e-05	5.004365e-10	-1.956416e-15	5.704091e-05	1.088703e-03	2.985873e-04	2.026173e-02	6.924176e-16	2.105545e-02	3.651355e-04	
2.900000e-01	5.343387e-05	5.932351e-19	5.056204e-05	4.809898e-10	-1.092420e-15	5.907386e-05	1.126315e-03	2.710328e-04	2.098386e-02	3.294660e-16	2.179189e-02	3.382944e-04	
3.000000e-01	5.167004e-05	5.736527e-19	4.891860e-05	4.615487e-10	-5.427352e-16	6.110789e-05	1.163018e-03	2.422529e-04	2.170638e-02	3.408102e-16	2.252796e-02	3.099767e-04	
3.100000e-01	4.990764e-05	5.540861e-19	4.727577e-05	4.422586e-10	-1.459307e-15	6.314329e-05	1.198745e-03	2.121918e-04	2.242938e-02	3.965326e-16	2.326378e-02	2.800678e-04	
3.200000e-01	4.815055e-05	5.345785e-19	4.563716e-05	4.230861e-10	-1.113607e-15	6.518039e-05	1.233471e-03	1.808375e-04	2.315299e-02	3.635233e-16	2.399946e-02	2.484469e-04	
3.300000e-01	4.640250e-05	5.151713e-19	4.400628e-05	4.040533e-10	-8.240918e-16	6.721955e-05	1.267073e-03	1.482534e-04	2.387732e-02	3.748961e-16	2.473509e-02	2.149870e-04	
3.400000e-01	4.466708e-05	4.959042e-19	4.238628e-05	3.853914e-10	-5.865192e-16	6.926115e-05	1.299521e-03	1.147651e-04	2.460253e-02	4.166248e-16	2.547089e-02	1.795560e-04	
3.500000e-01	4.294769e-05	4.768151e-19	4.078051e-05	3.669797e-10	-1.012612e-15	7.130561e-05	1.330723e-03	8.150785e-05	2.532875e-02	3.976848e-16	2.620692e-02	1.420130e-04	
3.600000e-01	4.124754e-05	4.579397e-19	3.919188e-05	3.489333e-10	-1.726703e-15	7.335336e-05	1.360652e-03	5.313519e-05	2.605614e-02	4.091055e-16	2.694335e-02	1.022115e-04	
3.700000e-01	3.956967e-05	4.393115e-19	3.762322e-05	3.311589e-10	-1.436388e-15	7.540489e-05	1.389212e-03	4.695358e-05	2.678487e-02	4.205473e-16	2.768037e-02	5.999743e-05	
3.800000e-01	3.791690e-05	4.209621e-19	3.607717e-05	3.137877e-10	-1.402539e-15	7.746072e-05	1.416443e-03	7.321329e-05	2.751513e-02	4.320130e-16	2.841815e-02	1.520984e-05	
3.900000e-01	3.629186e-05	4.029206e-19	3.455618e-05	2.968676e-10	-1.763628e-16	7.952137e-05	1.442327e-03	1.138154e-04	2.824710e-02	4.435056e-16	2.915690e-02	3.232718e-05	
4.000000e-01	3.469699e-05	3.852140e-19	3.306254e-05	2.803883e-10	-1.098346e-15	8.158744e-05	1.466042e-03	1.604031e-04	2.898100e-02	4.550285e-16	2.989679e-02	8.278427e-05	
4.100000e-01	3.313451e-05	3.678669e-19	3.159833e-05	2.643502e-10	-1.311770e-15	8.365955e-05	1.488235e-03	2.111008e-04	2.971704e-02	4.665850e-16	3.063807e-02	1.363531e-04	
4.200000e-01	3.160643e-05	3.509018e-19	3.016544e-05	2.487726e-10	-1.621609e-15	8.573833e-05	1.508771e-03	2.654378e-04	3.045545e-02	4.781788e-16	3.138096e-02	1.932303e-04	
4.300000e-01	3.011455e-05	3.343387e-19	2.876558e-05	2.337044e-10	-1.551485e-15	8.782450e-05	1.527440e-03	3.233303e-04	3.119649e-02	4.898137e-16	3.212571e-02	2.536227e-04	
4.400000e-01	2.866049e-05	3.181953e-19	2.740027e-05	2.191757e-10	-5.506154e-16	8.991877e-05	1.544146e-03	3.848562e-04	3.194040e-02	6.463579e-16	3.287259e-02	3.177475e-04	
4.500000e-01	2.724564e-05	3.024873e-19	2.607084e-05	2.051521e-10	-1.201266e-15	9.202193e-05	1.558792e-03	4.501639e-04	3.268748e-02	5.132236e-16	3.362186e-02	3.858324e-04	
4.600000e-01	2.587120e-05	2.872280e-19	2.477843e-05	1.916551e-10	-1.501440e-15	9.413478e-05	1.571273e-03	5.194386e-04	3.343799e-02	5.250074e-16	3.437386e-02	4.581171e-04	
4.700000e-01	2.453819e-05	2.724286e-19	2.352407e-05	1.786963e-10	-9.804778e-16	9.625820e-05	1.581477e-03	5.928919e-04	3.419226e-02	5.368501e-16	3.512879e-02	5.348511e-04	
4.800000e-01	2.324741e-05	2.580981e-19	2.230850e-05	1.662855e-10	-2.327949e-15	9.839307e-05	1.589296e-03	6.707568e-04	3.495060e-02	6.345341e-16	3.588708e-02	6.162986e-04	
4.900000e-01	2.199951e-05	2.442436e-19	2.113236e-05	1.544124e-10	-2.419179e-15	1.005404e-04	1.594610e-03	7.532815e-04	3.571334e-02	7.313288e-16	3.664904e-02	7.027351e-04	
5.000000e-01	2.079494e-05	2.308703e-19	1.999613e-05	1.430667e-10	-1.536608e-15	1.027011e-04	1.597294e-03	8.407303e-04	3.648085e-02	5.727831e-16	3.741502e-02	7.944491e-04	
5.100000e-01	1.963400e-05	2.179812e-19	1.890013e-05	1.322841e-10	-1.650752e-15	1.048762e-04	1.597219e-03	9.333827e-04	3.725349e-02	5.849143e-16	3.818537e-02	8.917427e-04	
5.200000e-01	1.851681e-05	2.055779e-19	1.784450e-05	1.220353e-10	-1.345166e-15	1.070669e-04	1.594255e-03	1.031536e-03	3.803166e-02	5.971322e-16	3.896052e-02	9.949329e-04	
5.300000e-01	1.744336e-05	1.936602e-19	1.682928e-05	1.123197e-10	-1.646048e-15	1.092743e-04	1.588240e-03	1.135485e-03	3.881575e-02	6.094432e-16	3.974086e-02	1.104350e-03	
5.400000e-01	1.641347e-05	1.822261e-19	1.585434e-05	1.031065e-10	-2.435485e-15	1.114996e-04	1.579048e-03	1.245567e-03	3.960620e-02	6.218540e-16	4.052682e-02	1.220341e-03	
5.500000e-01	1.542684e-05	1.712723e-19	1.491947e-05	9.442269e-11	-1.858035e-15	1.137440e-04	1.566520e-03	1.362118e-03	4.040345e-02	6.343716e-16	4.121926e-02	1.115097e-03	
5.600000e-01	1.448305e-05	1.607942e-19	1.402429e-05	8.622870e-11	-1.880750e-15	1.160089e-04	1.550488e-03	1.485487e-03	4.120797e-02	6.470033e-16	4.199491e-02	1.151784e-03	
5.700000e-01	1.358156e-05	1.507856e-19	1.316836e-05	7.852927e-11	-2.203050e-15	1.182956e-04	1.530790e-03	1.616044e-03	4.202024e-02	6.597567e-16	4.277537e-02	1.188827e-03	
5.800000e-01	1.272172e-05	1.412395e-19	1.235110e-05	7.130743e-11	-2.102637e-15	1.206055e-04	1.507249e-03	1.754174e-03	4.284077e-02	6.726398e-16	4.356103e-02	1.226206e-03	
5.900000e-01	1.190279e-05	1.321475e-19	1.157187e-05	6.455022e-11	-1.507233e-15	1.229402e-04	1.479683e-03	1.900275e-03	4.367009e-02	6.856608e-16	4.452761e-02	3.579707e-04	
6.000000e-01	1.112392e-05	1.235003e-19	1.082995e-05	5.823441e-11	-2.160261e-15	1.253012e-04	1.447894e-03	2.054750e-03	4.450875e-02	6.988285e-16	4.532496e-02	3.833654e-04	
6.100000e-01	1.038422e-05	1.152880e-19	1.012450e-05	5.234806e-11	-1.807839e-15	1.276901e-04	1.411706e-03	2.218055e-03	4.535732e-02	7.121518e-16	4.612867e-02	4.098720e-04	
6.200000e-01	9.682699e-06	1.074996e-19	9.454664e-06	4.688955e-11	-2.300529e-15	1.301086e-04	1.370890e-03	2.390599e-03	4.621639e-02	7.256401e-16	4.693912e-02	4.375257e-04	
6.300000e-01	9.018320e-06	1.001235e-19	8.819507e-06	4.183288e-11	-2.398945e-15	1.325584e-04	1.325252e-03	2.572862e-03	4.708660e-02	7.393032e-16	4.775678e-02	4.663631e-04	
6.400000e-01	8.389993e-06	9.314764e-20	8.218047e-06	3.716632e-11	-2.408804e-15	1.350414e-04	1.274567e-03	2.765306e-03	4.796859e-02	7.531512e-16	4.858210e-02	4.964211e-04	
6.500000e-01	7.796583e-06	8.655946e-20	7.649260e-06	3.287522e-11	-2.136645e-15	1.375594e-04	1.218615e-03	2.968422e-03	4.886303e-02	7.671947e-16	4.941560e-02	5.277375e-04	
6.600000e-01	7.236920e-06	8.034596e-20	7.112088e-06	2.895323e-11	-2.130410e-15	1.401144e-04	1.157163e-03	3.182700e-03	4.977061e-02	7.814446e-16	5.025776e-02	5.603511e-04	
6.700000e-01	6.709808e-06	7.449383e-20	6.605446e-06	2.538556e-11	-2.363475e-15	1.427086e-04	1.089984e-03	3.408677e-03	5.069207e-02	7.959124e-16	5.110911e-02	5.943010e-04	
6.800000e-01	6.214029e-06	6.898958e-20	6.128225e-06	2.216437e-11	-2.214069e-15	1.453438e-04	1.016810e-03	3.646784e-03	5.162816e-02	8.106099e-16	5.197021e-02	6.296273e-04	
6.900000e-01	5.748351e-06	6.381952e-20	5.679306e-06	1.928297e-11	-2.724699e-15	1.480225e-04	9.374251e-04	3.897634e-03	5.257967e-02	8.255494e-16	5.284162e-02	6.663711e-04	
7.000000e-01	5.311538e-06	5.896992e-20	5.257556e-06	1.674029e-11	-2.966835e-15	1.507469e-04	8.515638e-04	4.161699e-03	5.354741e-02	8.407438e-16	5.372393e-02	7.045741e-04	
7.100000e-01	4.902349e-06	5.442701e-20	4.861843e-06	1.453623e-11	-2.229021e-15	1.535193e-04	7.589768e-04	4.439506e-03	5.453221e-02	8.562062e-16	5.461775e-02	7.442787e-04	
7.200000e-01	4.519550e-06	5.017708e-20	4.491035e-06	1.267492e-11	-2.098090e-15	1.563423e-04	6.594135e-04	4.731584e-03	5.553497e-02	8.719504e-16	5.552373e-02	7.855285e-04	
7.300000e-01	4.161915e-06	4.620654e-20	4.144006e-06	1.116198e-11	-2.680995e-15	1.592184e-04	5.526219e-04	5.038442e-03	5.655659e-02	8.879908e-16	5.644253e-02	8.283675e-04	
7.400000e-01	3.828233e-06	4.250192e-20	3.819643e-06	9.999762e-12	-2.761135e-15	1.621502e-04	4.383528e-04	5.360571e-03	5.759801e-02	9.043421e-16	5.737486e-02	8.728406e-04	
7.500000e-01	3.517309e-06	3.904998e-20	3.516847e-06	9.179306e-12	-2.510245e-15	1.651405e-04	3.163636e-04	5.698462e-03	5.866022e-02	9.210197e-16	5.832144e-02	9.189930e-04	
7.600000e-01	3.227974e-06	3.583771e-20	3.234537e-06	8.673181e-12	-2.284431e-15	1.681922e-04	1.864178e-04	6.052561e-03	5.974422e-02	9.380396e-16	5.928304e-02	9.668706e-04	
7.700000e-01	2.959080e-06	3.285238e-20	2.971654e-06	8.432954e-12	-2.871375e-15	1.713082e-04	4.829113e-05	6.423318e-03	6.085108e-02	9.554182e-16	6.026046e-02	1.016519e-03	
7.800000e-01	2.709509e-06	3.008159e-20	2.727164e-06	8.395896e-12	-3.109867e-15	1.744917e-04	-9.822864e-05	6.811090e-03	6.198188e-02	9.731729e-16	6.125456e-02	1.067984e-03	
7.900000e-01	2.478174e-06	2.751326e-20	2.500059e-06	8.496766e-12	-2.379336e-15	1.777457e-04	-2.533350e-04	7.216231e-03	6.313776e-02	9.913212e-16	6.226623e-02	1.121311e-03	
8.000000e-01	2.264021e-06	2.513568e-20	2.289359e-06	8.686718e-12	-3.015475e-15	1.810736e-04	-4.171995e-04	7.639009e-03	6.431989e-02	1.009882e-15	6.329643e-02	1.176543e-03	
8.100000e-01	2.066029e-06	2.293753e-20	2.094118e-06	8.894834e-12	-2.519091e-15	1.844789e-04	-5.899670e-04	8.079629e-03	6.552948e-02	1.028873e-15	6.434616e-02	1.233721e-03	
8.200000e-01	1.883215e-06	2.090789e-20	1.913418e-06	9.114723e-12	-3.068716e-15	1.879650e-04	-7.717503e-04	8.538216e-03	6.676781e-02	1.048316e-15	6.526413e-02	1.075984e-03	
8.300000e-01	1.714633e-06	1.903624e-20	1.746378e-06	9.315902e-12	-2.559219e-15	1.915357e-04	-9.626246e-04	9.014793e-03	6.803616e-02	1.068231e-15	6.635538e-02	1.121838e-03	
8.400000e-01	1.559372e-06	1.731250e-20	1.592149e-06	9.484473e-12	-2.913504e-15	1.951948e-04	-1.162620e-03	9.509265e-03	6.933591e-02	1.088638e-15	6.746971e-02	1.169468e-03	
8.500000e-01	1.416563e-06	1.572701e-20	1.449917e-06	9.612199e-12	-3.360670e-15	1.989461e-04	-1.371717e-03	1.002143e-02	7.066845e-02	1.109560e-15	6.860844e-02	1.218927e-03	
8.600000e-01	1.285375e-06	1.427053e-20	1.318903e-06	9.694784e-12	-3.271771e-15	2.027939e-04	-1.589833e-03	1.055088e-02	7.203524e-02	1.131020e-15	6.961784e-02	9.906212e-04	
8.700000e-01	1.165015e-06	1.293426e-20	1.198365e-06	9.730622e-12	-3.612850e-15	2.067424e-04	-1.816820e-03	1.109710e-02	7.343779e-02	1.153041e-15	7.080939e-02	1.027712e-03	
8.800000e-01	1.054729e-06	1.170985e-20	1.087594e-06	9.719924e-12	-2.997924e-15	2.107959e-04	-2.052457e-03	1.165936e-02	7.487766e-02	1.175648e-15	7.203017e-02	1.066632e-03	
8.900000e-01	9.538022e-07	1.058933e-20	9.859167e-07	9.664155e-12	-3.261120e-15	2.149591e-04	-2.296426e-03	1.223668e-02	7.635647e-02	1.198867e-15	7.328200e-02	1.107425e-03	
9.000000e-01	8.615562e-07	9.565195e-21	8.926947e-07	9.565567e-12	-3.904627e-15	2.192366e-04	-2.140920e-04	3.594852e-03	7.787590e-02	1.222724e-15	7.456690e-02	1.150115e-03	
9.100000e-01	7.773504e-07	8.630323e-21	8.073234e-07	9.426886e-12	-3.429648e-15	2.236333e-04	-2.333229e-04	3.581409e-03	7.943769e-02	1.247245e-15	7.588706e-02	1.194691e-03	
9.200000e-01	7.005806e-07	7.778008e-21	7.292319e-07	9.251115e-12	-3.516327e-15	2.281544e-04	-2.540303e-04	3.564642e-03	8.104364e-02	1.272460e-15	7.724486e-02	1.241104e-03	
9.300000e-01	6.306778e-07	7.001930e-21	6.578813e-07	9.041581e-12	-3.852671e-15	2.328051e-04	-2.763227e-04	3.544083e-03	8.269563e-02	1.298398e-15	7.880837e-02	1.017834e-03	
9.400000e-01	5.671072e-07	6.296154e-21	5.927650e-07	8.801437e-12	-4.115391e-15	2.375909e-04	-3.003110e-04	3.519256e-03	8.439559e-02	1.325089e-15	8.040133e-02	5.772025e-04	
9.500000e-01	5.093672e-07	5.655112e-21	5.334067e-07	8.534074e-12	-3.779514e-15	2.425173e-04	-3.261020e-04	3.489645e-03	8.614553e-02	1.352565e-15	8.183253e-02	5.922311e-04	
9.600000e-01	4.569883e-07	5.073590e-21	4.793597e-07	8.242554e-12	-3.546695e-15	2.475903e-04	-3.537974e-04	3.454736e-03	8.794754e-02	1.380858e-15	8.261996e-02	1.244266e-03	
9.700000e-01	4.095318e-07	4.546717e-21	4.302064e-07	7.930138e-12	-4.044901e-15	2.528160e-04	-3.834821e-04	3.413971e-03	8.980378e-02	1.410002e-15	8.418319e-02	1.143510e-03	
9.800000e-01	3.665883e-07	4.069948e-21	3.855563e-07	7.599762e-12	-3.902829e-15	2.582006e-04	-4.152206e-04	3.366807e-03	9.171647e-02	1.440033e-15	8.580348e-02	1.040700e-03	
9.900000e-01	3.277768e-07	3.639053e-21	3.450452e-07	7.254289e-12	-3.824785e-15	2.637508e-04	-4.490462e-04	3.312728e-03	9.368796e-02	1.470988e-15	8.689460e-02	1.231307e-03	
1.000000e+00	2.927429e-07	3.250099e-21	3.083338e-07	6.896367e-12	-3.868556e-15	2.694732e-04	-4.849524e-04	3.251291e-03	9.572064e-02	1.502903e-15	8.867929e-02	1.010934e-03	
1.010000e+00	2.611579e-07	2.899435e-21	2.751070e-07	6.528733e-12	-4.215293e-15	2.753749e-04	-5.228301e-04	3.181841e-03	9.781702e-02	1.535818e-15	9.053813e-02	7.905359e-04	
1.020000e+00	2.327174e-07	2.583682e-21	2.450722e-07	6.153686e-12	-4.443221e-15	2.814632e-04	-5.625702e-04	3.104338e-03	9.997968e-02	1.569773e-15	9.247772e-02	5.712721e-04	
1.030000e+00	2.071396e-07	2.299712e-21	2.179581e-07	5.773402e-12	-4.334172e-15	2.877457e-04	-6.040008e-04	3.018947e-03	1.022113e-01	1.604812e-15	9.450522e-02	3.544156e-04	
1.040000e+00	1.841648e-07	2.044640e-21	1.935140e-07	5.390070e-12	-4.831923e-15	2.942303e-04	-6.468031e-04	2.925730e-03	1.045147e-01	1.640977e-15	9.662831e-02	1.413778e-04	
1.050000e+00	1.635532e-07	1.815805e-21	1.715078e-07	5.005587e-12	-4.071286e-15	3.009250e-04	-6.901667e-04	2.823434e-03	1.068928e-01	1.678315e-15	9.885538e-02	1.719653e-04	
1.060000e+00	1.450843e-07	1.610760e-21	1.517254e-07	4.621751e-12	-4.784737e-15	3.078383e-04	-7.338752e-04	2.714306e-03	1.093485e-01	1.716872e-15	1.011953e-01	3.679965e-04	
1.070000e+00	1.285557e-07	1.427255e-21	1.339695e-07	4.240251e-12	-4.602138e-15	3.149790e-04	-7.770683e-04	2.598552e-03	1.118849e-01	1.756697e-15	1.036574e-01	5.551939e-04	
1.080000e+00	1.137814e-07	1.263227e-21	1.180582e-07	3.862614e-12	-4.787147e-15	3.223562e-04	-8.188776e-04	2.477159e-03	1.145054e-01	1.797841e-15	1.069916e-01	1.107632e-03	
1.090000e+00	1.005913e-07	1.116788e-21	1.038247e-07	3.490303e-12	-4.991311e-15	3.299793e-04	-8.583529e-04	2.351371e-03	1.172133e-01	1.840357e-15	1.096766e-01	1.104678e-03	
1.100000e+00	8.882996e-08	9.862106e-22	9.111258e-08	3.124626e-12	-5.176854e-15	3.378583e-04	-8.944569e-04	2.222440e-03	1.200120e-01	1.884299e-15	1.125112e-01	1.095916e-03	
1.110000e+00	7.835520e-08	8.699175e-22	7.978234e-08	2.766949e-12	-5.729718e-15	3.460031e-04	-9.261580e-04	2.091602e-03	1.229051e-01	1.929724e-15	1.155025e-01	1.080710e-03	
1.120000e+00	6.903764e-08	7.664718e-22	6.970274e-08	2.418614e-12	-5.314943e-15	3.544245e-04	-3.326837e-03	4.504741e-03	1.258965e-01	1.976692e-15	1.187022e-01	1.016976e-03	
1.130000e+00	6.075944e-08	6.745653e-22	6.075355e-08	2.080936e-12	-5.250734e-15	3.631334e-04	-3.281183e-03	4.334162e-03	1.289901e-01	2.025263e-15	1.220787e-01	1.251135e-03	
1.140000e+00	5.341355e-08	5.930096e-22	5.282403e-08	1.755417e-12	-6.246308e-15	3.721412e-04	-3.210693e-03	4.132473e-03	1.321897e-01	2.075501e-15	1.251062e-01	1.031272e-03	
1.150000e+00	4.690284e-08	5.207262e-22	4.581187e-08	1.443742e-12	-5.858233e-15	3.814598e-04	-3.113745e-03	3.897872e-03	1.354998e-01	2.127473e-15	1.288310e-01	9.772124e-04	
1.160000e+00	4.113931e-08	4.567380e-22	3.962240e-08	1.147932e-12	-6.041761e-15	3.911014e-04	-2.989469e-03	3.629740e-03	1.389247e-01	2.181246e-15	1.326744e-01	1.186890e-03	
1.170000e+00	3.604333e-08	4.001614e-22	3.416759e-08	8.706017e-13	-6.035968e-15	4.010789e-04	-3.654785e-03	1.038683e-02	1.424688e-01	2.236893e-15	1.367991e-01	1.096304e-03	
1.180000e+00	3.154302e-08	3.501978e-22	2.936505e-08	6.152642e-13	-6.268283e-15	4.114056e-04	-3.361000e-03	9.381360e-03	1.461370e-01	2.294487e-15	1.412760e-01	1.145173e-03	
1.190000e+00	2.757350e-08	3.061274e-22	2.513632e-08	3.870264e-13	-6.328697e-15	4.220953e-04	-3.022888e-03	8.210866e-03	1.499342e-01	2.354105e-15	1.458415e-01	1.163604e-03	
1.200000e+00	2.407638e-08	2.673015e-22	2.140408e-08	1.942610e-13	-6.798924e-15	4.331624e-04	-4.300311e-03	1.140328e-02	1.538653e-01	2.415828e-15	1.505281e-01	9.849028e-04	
1.210000e+00	2.099912e-08	2.331371e-22	1.808545e-08	5.575607e-14	-7.090599e-15	4.446217e-04	-3.565873e-03	8.964321e-03	1.579358e-01	2.479739e-15	1.552708e-01	1.064460e-03	
1.220000e+00	1.829455e-08	2.031103e-22	1.507029e-08	3.166549e-14	-7.185323e-15	4.564888e-04	-2.752336e-03	6.224967e-03	1.621512e-01	2.545924e-15	1.605388e-01	9.955745e-04	
1.230000e+00	1.592038e-08	1.767517e-22	1.210412e-08	1.653594e-13	-7.226251e-15	4.687798e-04	-1.877048e-03	3.148727e-03	1.665171e-01	2.614473e-15	1.657263e-01	5.236498e-04	
