qt_to_Q	unpol_bn	err	unpol_rc	err	sivers_bn	err	sivers_rc	err	collins_bn	err	collins_rc	err
1.000000e-02	8.197206e-02	9.100727e-16	7.330088e-02	8.865855e-07	-3.048846e-13	6.012975e-10	-3.367958e-13	6.739752e-10	2.135893e-07	1.622730e-16	2.394276e-07	2.895917e-12	
2.000000e-02	8.175793e-02	9.076954e-16	7.311464e-02	8.832420e-07	-3.931653e-14	1.203238e-09	-2.588842e-14	1.348420e-09	4.274070e-07	1.761330e-15	4.790770e-07	5.787429e-12	
3.000000e-02	8.140230e-02	9.037471e-16	7.280536e-02	8.790090e-07	-3.149436e-14	1.806466e-09	-3.866842e-15	2.024046e-09	6.416821e-07	1.458192e-15	7.191697e-07	8.682983e-12	
4.000000e-02	8.090701e-02	8.982483e-16	7.237464e-02	8.725417e-07	-2.917264e-14	2.411628e-09	1.204484e-14	2.702307e-09	8.566441e-07	1.180904e-14	9.599273e-07	1.157304e-11	
5.000000e-02	8.027464e-02	8.912275e-16	7.182472e-02	8.637373e-07	1.829934e-14	3.019374e-09	7.859148e-14	3.381176e-09	1.072524e-06	4.888977e-15	1.201571e-06	1.444999e-11	
6.000000e-02	7.950846e-02	8.827212e-16	7.115825e-02	8.540227e-07	-3.004071e-14	3.630359e-09	3.787484e-14	4.063945e-09	1.289554e-06	2.096077e-15	1.444328e-06	1.733488e-11	
7.000000e-02	7.861241e-02	8.727730e-16	7.037864e-02	8.419462e-07	2.306206e-15	4.245242e-09	8.761349e-14	4.750336e-09	1.507969e-06	8.789262e-15	1.688421e-06	2.019928e-11	
8.000000e-02	7.759105e-02	8.614337e-16	6.948976e-02	8.285839e-07	-3.368534e-14	4.864690e-09	6.093036e-14	5.441001e-09	1.728006e-06	3.739746e-15	1.934078e-06	2.306226e-11	
9.000000e-02	7.644957e-02	8.487607e-16	6.849608e-02	8.136175e-07	-9.407541e-15	5.489378e-09	1.018097e-13	6.136579e-09	1.949904e-06	1.543403e-15	2.181526e-06	2.591359e-11	
1.000000e-01	7.519367e-02	8.348174e-16	6.740255e-02	7.969687e-07	3.351991e-14	6.119990e-09	1.636324e-13	6.837739e-09	2.173906e-06	1.214208e-15	2.430993e-06	2.874495e-11	
1.100000e-01	7.382959e-02	8.196731e-16	6.621432e-02	7.790811e-07	2.693315e-15	6.757221e-09	1.430948e-13	7.545053e-09	2.400259e-06	3.105559e-15	2.682716e-06	3.156593e-11	
1.200000e-01	7.236400e-02	8.034018e-16	6.493713e-02	7.597702e-07	1.661800e-14	7.401776e-09	1.727180e-13	8.259349e-09	2.629214e-06	1.578622e-15	2.936928e-06	3.436340e-11	
1.300000e-01	7.080398e-02	7.860821e-16	6.357714e-02	7.395825e-07	-9.304821e-15	8.054374e-09	1.579825e-13	8.981141e-09	2.861026e-06	1.465703e-14	3.193864e-06	3.715489e-11	
1.400000e-01	6.915696e-02	7.677965e-16	6.214070e-02	7.181628e-07	2.015359e-14	8.715749e-09	2.052213e-13	9.711129e-09	3.095956e-06	1.318452e-14	3.453761e-06	3.991659e-11	
1.500000e-01	6.743062e-02	7.486303e-16	6.063430e-02	6.957014e-07	-3.489401e-15	9.386648e-09	1.933851e-13	1.045005e-08	3.334269e-06	4.411584e-15	3.716868e-06	4.264776e-11	
1.600000e-01	6.563291e-02	7.286716e-16	5.906480e-02	6.724819e-07	2.150810e-14	1.006784e-08	2.359455e-13	1.119856e-08	3.576237e-06	1.891742e-14	3.983427e-06	4.535485e-11	
1.700000e-01	6.377190e-02	7.080103e-16	5.743910e-02	6.484893e-07	-2.765652e-16	1.076010e-08	2.265864e-13	1.195751e-08	3.822138e-06	1.211014e-14	4.253689e-06	4.802600e-11	
1.800000e-01	6.185579e-02	6.867372e-16	5.576424e-02	6.239180e-07	7.573056e-15	1.146424e-08	2.502166e-13	1.271709e-08	4.072259e-06	1.973786e-15	4.527907e-06	5.066231e-11	
1.900000e-01	5.989282e-02	6.649439e-16	5.404733e-02	5.987855e-07	-1.203946e-14	1.218109e-08	2.435577e-13	1.348772e-08	4.326892e-06	1.304053e-14	4.806335e-06	5.325094e-11	
2.000000e-01	5.789121e-02	6.427216e-16	5.229539e-02	5.733738e-07	-4.884504e-15	1.291148e-08	2.670279e-13	1.428118e-08	4.586338e-06	4.474461e-15	5.089237e-06	5.580123e-11	
2.100000e-01	5.585912e-02	6.201608e-16	5.051548e-02	5.477064e-07	-1.069860e-14	1.365629e-08	2.763637e-13	1.508786e-08	4.850907e-06	1.688364e-14	5.376873e-06	5.830023e-11	
2.200000e-01	5.380456e-02	5.973506e-16	4.871447e-02	5.218082e-07	-2.796926e-14	1.441643e-08	2.732279e-13	1.590450e-08	5.120917e-06	1.459485e-14	5.669518e-06	6.073188e-11	
2.300000e-01	5.173541e-02	5.743784e-16	4.689926e-02	4.958915e-07	-2.169235e-14	1.519281e-08	2.964744e-13	1.674017e-08	5.396698e-06	5.625462e-15	5.967428e-06	6.309954e-11	
2.400000e-01	4.965929e-02	5.513288e-16	4.507626e-02	4.701378e-07	-5.166549e-15	1.598639e-08	3.314213e-13	1.759885e-08	5.678589e-06	7.208851e-15	6.270904e-06	6.540730e-11	
2.500000e-01	4.758357e-02	5.282837e-16	4.325201e-02	4.445109e-07	-4.127464e-16	1.679816e-08	3.538563e-13	1.848466e-08	5.966940e-06	3.607087e-15	6.580204e-06	6.762931e-11	
2.600000e-01	4.551531e-02	5.053215e-16	4.143255e-02	4.191534e-07	3.899264e-15	1.762913e-08	3.756642e-13	1.936517e-08	6.262115e-06	4.810312e-15	6.895627e-06	6.976302e-11	
2.700000e-01	4.346125e-02	4.825168e-16	3.962381e-02	3.940701e-07	-2.109845e-15	1.848037e-08	3.864941e-13	2.026732e-08	6.564487e-06	2.324805e-15	7.217447e-06	7.178303e-11	
2.800000e-01	4.142773e-02	4.599402e-16	3.783122e-02	3.695113e-07	1.751390e-15	1.935297e-08	4.085040e-13	2.118832e-08	6.874445e-06	1.123494e-14	7.545972e-06	7.370796e-11	
2.900000e-01	3.942071e-02	4.376578e-16	3.605997e-02	3.454873e-07	1.474562e-14	2.024806e-08	4.410131e-13	2.213750e-08	7.192392e-06	6.438545e-16	7.881504e-06	7.551594e-11	
3.000000e-01	3.744573e-02	4.157311e-16	3.431500e-02	3.220003e-07	-6.260486e-16	2.116681e-08	4.424686e-13	2.309053e-08	7.518746e-06	1.613786e-14	8.224323e-06	7.717849e-11	
3.100000e-01	3.550788e-02	3.942167e-16	3.260074e-02	2.991724e-07	2.635892e-15	2.211044e-08	4.648434e-13	2.407259e-08	7.853938e-06	4.361948e-15	8.574743e-06	7.869376e-11	
3.200000e-01	3.361181e-02	3.731661e-16	3.092131e-02	2.770549e-07	-3.150736e-15	2.308023e-08	4.777252e-13	2.507698e-08	8.198420e-06	7.743141e-15	8.933064e-06	8.004511e-11	
3.300000e-01	3.176172e-02	3.526259e-16	2.928040e-02	2.557116e-07	-8.780627e-15	2.407748e-08	4.911868e-13	2.610407e-08	8.552659e-06	1.006296e-15	9.299601e-06	8.122051e-11	
3.400000e-01	2.996133e-02	3.326376e-16	2.768133e-02	2.351486e-07	2.761316e-15	2.510357e-08	5.237089e-13	2.715519e-08	8.917141e-06	8.575504e-15	9.674660e-06	8.219032e-11	
3.500000e-01	2.821392e-02	3.132374e-16	2.612703e-02	2.154127e-07	-2.877409e-15	2.615993e-08	5.379736e-13	2.823004e-08	9.292371e-06	8.031594e-15	1.005856e-05	8.293700e-11	
3.600000e-01	2.652229e-02	2.944566e-16	2.462006e-02	1.965474e-07	-8.371234e-15	2.724802e-08	5.528803e-13	2.933208e-08	9.678878e-06	1.151591e-14	1.045160e-05	8.344391e-11	
3.700000e-01	2.488882e-02	2.763214e-16	2.316253e-02	1.785631e-07	1.064446e-14	2.836940e-08	5.946379e-13	3.045961e-08	1.007721e-05	1.386477e-14	1.085411e-05	8.368277e-11	
3.800000e-01	2.331541e-02	2.588530e-16	2.175627e-02	1.614723e-07	-2.930279e-15	2.952568e-08	6.017409e-13	3.161519e-08	1.048793e-05	1.152638e-14	1.126637e-05	8.362508e-11	
3.900000e-01	2.180357e-02	2.420683e-16	2.040267e-02	1.452887e-07	-8.242440e-15	3.071853e-08	6.181012e-13	3.279163e-08	1.091165e-05	4.268721e-17	1.168871e-05	8.324418e-11	
4.000000e-01	2.035440e-02	2.259792e-16	1.910280e-02	1.300166e-07	-5.595182e-15	3.194971e-08	6.439153e-13	3.402062e-08	1.134898e-05	3.544945e-15	1.212142e-05	8.250915e-11	
4.100000e-01	1.896859e-02	2.105937e-16	1.785738e-02	1.156466e-07	2.026051e-14	3.322104e-08	6.932960e-13	3.519626e-08	1.180058e-05	9.737340e-15	1.256480e-05	8.138090e-11	
4.200000e-01	1.764648e-02	1.959153e-16	1.666685e-02	1.021706e-07	7.282574e-15	3.453442e-08	7.039261e-13	3.651189e-08	1.226711e-05	3.990971e-15	1.301913e-05	7.982012e-11	
4.300000e-01	1.638807e-02	1.819442e-16	1.553130e-02	8.958443e-08	2.199267e-15	3.589185e-08	7.226397e-13	3.781522e-08	1.274929e-05	3.067274e-15	1.348468e-05	7.779137e-11	
4.400000e-01	1.519303e-02	1.686765e-16	1.445057e-02	7.786819e-08	4.810905e-15	3.729541e-08	7.500063e-13	3.915030e-08	1.324785e-05	1.356436e-14	1.396173e-05	7.524716e-11	
4.500000e-01	1.406072e-02	1.561054e-16	1.342424e-02	6.700107e-08	7.459695e-15	3.874727e-08	7.779691e-13	4.052119e-08	1.376357e-05	3.022949e-15	1.445052e-05	7.213799e-11	
4.600000e-01	1.299027e-02	1.442210e-16	1.245165e-02	5.695863e-08	-1.221048e-14	4.024971e-08	7.830796e-13	4.192457e-08	1.429726e-05	1.837166e-14	1.495127e-05	6.840946e-11	
4.700000e-01	1.198053e-02	1.330106e-16	1.153194e-02	4.771486e-08	-1.899652e-15	4.180510e-08	8.200639e-13	4.335912e-08	1.484975e-05	1.000118e-14	1.546418e-05	6.400407e-11	
4.800000e-01	1.103015e-02	1.224592e-16	1.066402e-02	3.923979e-08	1.032151e-15	4.341592e-08	8.498383e-13	4.482789e-08	1.542194e-05	1.517085e-14	1.598943e-05	5.885759e-11	
4.900000e-01	1.013758e-02	1.125498e-16	9.846683e-03	3.150541e-08	-3.300568e-15	4.508478e-08	8.726277e-13	4.633153e-08	1.601475e-05	3.454215e-16	1.652716e-05	5.290668e-11	
5.000000e-01	9.301127e-03	1.032633e-16	9.078525e-03	2.447577e-08	-1.337628e-16	4.681441e-08	9.037007e-13	4.787014e-08	1.662913e-05	8.149919e-16	1.707746e-05	4.607350e-11	
5.100000e-01	8.518928e-03	9.457910e-17	8.358038e-03	1.811799e-08	3.163942e-15	4.860766e-08	9.354104e-13	4.944388e-08	1.726612e-05	1.679820e-15	1.764041e-05	3.828157e-11	
5.200000e-01	7.789019e-03	8.647548e-17	7.683600e-03	1.239673e-08	-7.050199e-16	5.046751e-08	9.603342e-13	5.105282e-08	1.792676e-05	8.847981e-18	1.821600e-05	2.944795e-11	
5.300000e-01	7.109340e-03	7.892953e-17	7.053503e-03	7.276444e-09	1.754727e-14	5.239709e-08	1.008570e-12	5.271733e-08	1.861218e-05	4.835905e-15	1.880418e-05	1.949267e-11	
5.400000e-01	6.477758e-03	7.191756e-17	6.465970e-03	2.720922e-09	6.733549e-15	5.439969e-08	1.027123e-12	5.437542e-08	1.932353e-05	9.896852e-15	1.940484e-05	8.401663e-12	
5.500000e-01	5.892090e-03	6.541534e-17	5.919171e-03	1.613336e-09	-3.882688e-15	5.647875e-08	1.046898e-12	5.608816e-08	2.006204e-05	1.879506e-14	2.001779e-05	5.825846e-12	
5.600000e-01	5.350119e-03	5.939826e-17	5.411240e-03	4.838845e-09	3.547617e-16	5.863787e-08	1.082020e-12	5.783423e-08	2.082899e-05	7.105420e-15	2.064273e-05	1.857927e-11	
5.700000e-01	4.849615e-03	5.384155e-17	4.940293e-03	7.913892e-09	-9.852294e-15	6.088083e-08	1.103330e-12	5.961258e-08	2.162572e-05	1.479356e-14	2.127930e-05	3.415693e-11	
5.800000e-01	4.388348e-03	4.872045e-17	4.504437e-03	1.056496e-08	9.603755e-15	6.321160e-08	1.154196e-12	6.142189e-08	2.245364e-05	1.015698e-14	2.192700e-05	5.147788e-11	
5.900000e-01	3.964105e-03	4.401041e-17	4.101791e-03	1.282581e-08	-1.170882e-16	6.563434e-08	1.176890e-12	6.326013e-08	2.331423e-05	1.893123e-15	2.258522e-05	7.065929e-11	
6.000000e-01	3.574701e-03	3.968716e-17	3.730485e-03	1.472822e-08	5.218611e-15	6.815342e-08	1.214567e-12	6.512563e-08	2.420905e-05	1.525387e-16	2.325324e-05	9.183652e-11	
6.100000e-01	3.217993e-03	3.572690e-17	3.388687e-03	1.630414e-08	-4.008711e-15	7.077343e-08	1.238605e-12	6.701571e-08	2.513971e-05	1.692444e-14	2.393013e-05	1.151625e-10	
6.200000e-01	2.891889e-03	3.210642e-17	3.074595e-03	1.758318e-08	-5.513158e-15	7.349918e-08	1.270356e-12	6.892745e-08	2.610794e-05	1.980780e-14	2.461485e-05	1.407918e-10	
6.300000e-01	2.594356e-03	2.880314e-17	2.786458e-03	1.859356e-08	8.430488e-16	7.633573e-08	1.310519e-12	7.090306e-08	2.711552e-05	1.305150e-14	2.530613e-05	1.688837e-10	
6.400000e-01	2.323428e-03	2.579524e-17	2.522571e-03	1.936235e-08	-7.541293e-15	7.928839e-08	1.335372e-12	7.280042e-08	2.816434e-05	1.313271e-14	2.600254e-05	1.996043e-10	
6.500000e-01	2.077213e-03	2.306169e-17	2.281295e-03	1.991470e-08	7.266706e-15	8.236273e-08	1.382490e-12	7.475415e-08	2.925639e-05	1.782202e-15	2.670240e-05	2.331166e-10	
6.600000e-01	1.853894e-03	2.058236e-17	2.061047e-03	2.027473e-08	-4.062097e-16	8.556463e-08	1.408797e-12	7.670226e-08	3.039375e-05	4.965852e-15	2.740383e-05	2.695892e-10	
6.700000e-01	1.651740e-03	1.833799e-17	1.860314e-03	2.046473e-08	-7.777209e-15	8.890025e-08	1.435743e-12	7.866679e-08	3.157861e-05	7.171018e-15	2.810464e-05	3.091840e-10	
6.800000e-01	1.469100e-03	1.631028e-17	1.677650e-03	2.050625e-08	-6.997464e-15	9.237605e-08	1.469503e-12	8.060807e-08	3.281327e-05	5.638914e-15	2.880241e-05	3.520704e-10	
6.900000e-01	1.304410e-03	1.448186e-17	1.511679e-03	2.041735e-08	2.170318e-15	9.599887e-08	1.510289e-12	8.254221e-08	3.410014e-05	9.456608e-15	2.949442e-05	3.983755e-10	
7.000000e-01	1.156194e-03	1.283634e-17	1.361099e-03	2.021596e-08	4.028509e-15	9.977585e-08	1.544019e-12	8.444799e-08	3.544178e-05	7.635145e-15	3.017766e-05	4.482302e-10	
7.100000e-01	1.023061e-03	1.135826e-17	1.224676e-03	1.991830e-08	6.448911e-15	1.037145e-07	1.577488e-12	8.631969e-08	3.684085e-05	1.429211e-14	3.084882e-05	5.017397e-10	
7.200000e-01	9.037047e-04	1.003314e-17	1.101252e-03	1.954035e-08	1.318687e-15	1.078228e-07	1.603806e-12	8.814628e-08	3.830018e-05	1.942511e-15	3.150424e-05	5.590134e-10	
7.300000e-01	7.969045e-04	8.847417e-18	9.897399e-04	1.909429e-08	1.314857e-14	1.121091e-07	1.642920e-12	8.991686e-08	3.982273e-05	8.835621e-15	3.213988e-05	6.200592e-10	
7.400000e-01	7.015216e-04	7.788455e-18	8.891182e-04	1.859264e-08	1.752286e-14	1.165822e-07	1.674376e-12	9.161237e-08	4.141161e-05	2.669934e-14	3.275152e-05	6.848862e-10	
7.500000e-01	6.164975e-04	6.844497e-18	7.984374e-04	1.804771e-08	5.746620e-15	1.212512e-07	1.696687e-12	9.350141e-08	4.307011e-05	1.567593e-14	3.333450e-05	7.534944e-10	
7.600000e-01	5.408507e-04	6.004649e-18	7.168142e-04	1.746750e-08	1.146378e-14	1.261259e-07	1.721363e-12	9.476872e-08	4.480168e-05	2.839191e-14	3.388382e-05	8.256967e-10	
7.700000e-01	4.736742e-04	5.258840e-18	6.434143e-04	1.686105e-08	-7.990225e-15	1.312166e-07	1.730093e-12	9.619139e-08	4.660996e-05	2.146742e-14	3.439495e-05	9.013471e-10	
7.800000e-01	4.141319e-04	4.597787e-18	5.774901e-04	1.623725e-08	7.948798e-15	1.365340e-07	1.764272e-12	9.757196e-08	4.849877e-05	2.345754e-14	3.486194e-05	9.802179e-10	
7.900000e-01	3.614553e-04	4.012960e-18	5.183365e-04	1.560233e-08	-1.058236e-14	1.420895e-07	1.787586e-12	9.972673e-08	5.047216e-05	3.228330e-14	3.527939e-05	1.061943e-09	
8.000000e-01	3.149401e-04	3.496537e-18	4.653060e-04	1.496153e-08	-1.672026e-15	1.478950e-07	1.790241e-12	9.964675e-08	5.253438e-05	2.179285e-14	3.564174e-05	1.146037e-09	
8.100000e-01	2.739423e-04	3.041370e-18	4.178039e-04	1.432120e-08	8.365653e-15	1.539633e-07	1.824202e-12	1.012893e-07	5.468990e-05	2.761916e-14	3.594343e-05	1.232050e-09	
8.200000e-01	2.378748e-04	2.640941e-18	3.752866e-04	1.368492e-08	-8.423805e-15	1.603074e-07	1.809692e-12	1.012126e-07	5.694344e-05	3.663342e-14	3.617883e-05	1.319276e-09	
8.300000e-01	2.062037e-04	2.289321e-18	3.372544e-04	1.305565e-08	3.679761e-15	1.669416e-07	1.845675e-12	1.029212e-07	5.929998e-05	1.746610e-14	3.634281e-05	1.406893e-09	
8.400000e-01	1.784447e-04	1.981134e-18	3.032567e-04	1.243873e-08	7.514231e-15	1.738805e-07	1.825699e-12	1.018182e-07	6.176477e-05	3.159201e-14	3.642996e-05	1.494259e-09	
8.500000e-01	1.541595e-04	1.711514e-18	2.728770e-04	1.183515e-08	-7.144609e-15	1.811396e-07	1.810619e-12	1.015898e-07	6.434332e-05	1.727788e-14	3.643605e-05	1.580299e-09	
8.600000e-01	1.329526e-04	1.476070e-18	2.457405e-04	1.124732e-08	-1.231641e-15	1.887355e-07	1.811415e-12	1.016020e-07	6.704148e-05	2.921429e-14	3.635699e-05	1.664031e-09	
8.700000e-01	1.144679e-04	1.270849e-18	2.215072e-04	1.067687e-08	-4.156532e-15	1.966853e-07	1.798331e-12	1.011280e-07	6.986538e-05	5.621603e-15	3.618945e-05	1.744373e-09	
8.800000e-01	9.838565e-05	1.092300e-18	1.998616e-04	1.012428e-08	-6.001179e-15	2.050075e-07	1.781076e-12	1.004088e-07	7.282153e-05	3.995901e-14	3.593236e-05	1.820210e-09	
8.900000e-01	8.441915e-05	9.372409e-19	1.805384e-04	9.591912e-09	-6.669679e-15	2.137212e-07	1.760259e-12	9.948782e-08	7.591675e-05	1.555154e-14	3.558216e-05	1.890466e-09	
9.000000e-01	7.231227e-05	8.028275e-19	1.632950e-04	9.080851e-09	-1.684378e-14	2.228467e-07	1.736123e-12	9.866343e-08	7.915828e-05	3.963347e-14	3.513648e-05	1.953947e-09	
9.100000e-01	6.183656e-05	6.865237e-19	1.478814e-04	8.589554e-09	-1.505280e-14	2.324056e-07	1.705560e-12	9.721767e-08	8.255372e-05	1.024881e-14	3.460118e-05	2.009780e-09	
9.200000e-01	5.278875e-05	5.860728e-19	1.341136e-04	8.119863e-09	1.070783e-14	2.424205e-07	1.670065e-12	9.502316e-08	8.611113e-05	5.586024e-14	3.397425e-05	2.056963e-09	
9.300000e-01	4.498841e-05	4.994717e-19	1.218018e-04	7.670656e-09	-1.827120e-14	2.529152e-07	1.614990e-12	9.302133e-08	8.983900e-05	1.124828e-15	3.326088e-05	2.094659e-09	
9.400000e-01	3.827575e-05	4.249461e-19	1.107884e-04	7.242186e-09	-6.914023e-17	2.639150e-07	1.571880e-12	9.078193e-08	9.374628e-05	1.159975e-14	3.246422e-05	2.122175e-09	
9.500000e-01	3.250955e-05	3.609285e-19	1.009279e-04	6.834132e-09	8.617541e-15	2.754465e-07	1.518793e-12	8.830378e-08	9.784245e-05	3.085181e-14	3.158988e-05	2.139048e-09	
9.600000e-01	2.756531e-05	3.060364e-19	9.209138e-05	6.446064e-09	-1.727240e-14	2.875380e-07	1.451331e-12	8.574361e-08	1.021375e-04	1.534303e-14	3.064432e-05	2.144994e-09	
9.700000e-01	2.333352e-05	2.590541e-19	8.416464e-05	6.077530e-09	-4.987013e-15	3.002191e-07	1.386359e-12	8.277918e-08	1.066420e-04	5.412140e-14	2.963461e-05	2.139918e-09	
9.800000e-01	1.971802e-05	2.189139e-19	7.704463e-05	5.727720e-09	-3.024104e-15	3.135212e-07	1.313938e-12	7.971861e-08	1.113671e-04	8.655451e-15	2.856918e-05	2.123917e-09	
9.900000e-01	1.663461e-05	1.846812e-19	7.064227e-05	5.396693e-09	-1.206836e-14	3.274775e-07	1.234705e-12	7.658456e-08	1.163246e-04	1.552835e-14	2.745611e-05	2.097502e-09	
1.000000e+00	1.400969e-05	1.555389e-19	6.487473e-05	5.083198e-09	7.380369e-15	3.421232e-07	1.158210e-12	7.341412e-08	1.215269e-04	2.667890e-14	2.630540e-05	2.061136e-09	
1.010000e+00	1.177910e-05	1.307743e-19	5.967350e-05	4.786608e-09	2.496558e-15	3.574952e-07	1.073692e-12	7.030837e-08	1.269873e-04	7.561245e-14	2.512522e-05	2.015378e-09	
1.020000e+00	9.886979e-06	1.097675e-19	5.497417e-05	4.506387e-09	1.375709e-14	3.736328e-07	9.833272e-13	6.685370e-08	1.327196e-04	7.189960e-14	2.392536e-05	1.961230e-09	
1.030000e+00	8.284828e-06	9.198007e-20	5.072139e-05	4.241596e-09	2.800323e-14	3.905773e-07	8.884940e-13	6.332761e-08	1.387385e-04	3.980790e-14	2.271473e-05	1.899529e-09	
1.040000e+00	6.930625e-06	7.694539e-20	4.686579e-05	3.991799e-09	1.101334e-15	4.083726e-07	7.808922e-13	5.959320e-08	1.450597e-04	4.220221e-14	2.150209e-05	1.831444e-09	
1.050000e+00	5.788031e-06	6.426006e-20	4.336356e-05	3.756184e-09	5.834495e-15	4.270650e-07	6.852117e-13	5.667939e-08	1.516995e-04	3.157216e-14	2.029585e-05	1.758043e-09	
1.060000e+00	4.825691e-06	5.357593e-20	4.017583e-05	3.533792e-09	-1.977443e-15	4.467035e-07	5.779669e-13	5.328335e-08	1.586753e-04	3.327584e-14	1.910385e-05	1.680340e-09	
1.070000e+00	4.016602e-06	4.459324e-20	3.727176e-05	3.324536e-09	-7.277266e-15	4.673399e-07	4.702403e-13	5.013822e-08	1.660057e-04	4.950870e-15	1.793157e-05	1.599445e-09	
1.080000e+00	3.337562e-06	3.705438e-20	3.461760e-05	3.127146e-09	6.650935e-15	4.890291e-07	3.601070e-13	4.689742e-08	1.737100e-04	5.133574e-14	1.678701e-05	1.516437e-09	
1.090000e+00	2.768674e-06	3.073846e-20	3.218855e-05	2.941299e-09	2.457745e-14	5.118290e-07	2.476453e-13	4.371784e-08	1.818088e-04	3.535302e-15	1.567476e-05	1.432316e-09	
1.100000e+00	2.292909e-06	2.545640e-20	2.996160e-05	2.766265e-09	1.216725e-14	5.358011e-07	1.310352e-13	4.071924e-08	1.903240e-04	1.070913e-14	1.459925e-05	1.347905e-09	
1.110000e+00	1.895722e-06	2.104674e-20	2.791585e-05	2.601488e-09	2.045622e-14	5.610104e-07	1.426263e-14	3.782348e-08	1.992787e-04	3.354885e-17	1.356437e-05	1.264069e-09	
1.120000e+00	1.564719e-06	1.737187e-20	2.603326e-05	2.446464e-09	-2.214134e-14	5.875257e-07	-1.071877e-13	3.505868e-08	2.086973e-04	3.836047e-14	1.257300e-05	1.181543e-09	
1.130000e+00	1.289354e-06	1.431470e-20	2.429741e-05	2.300503e-09	3.118780e-14	6.154197e-07	-2.241422e-13	3.241980e-08	2.186057e-04	5.759777e-14	1.162754e-05	1.100908e-09	
1.140000e+00	1.060676e-06	1.177587e-20	2.269312e-05	2.162970e-09	3.342562e-14	6.447697e-07	-3.452902e-13	2.992535e-08	2.290312e-04	4.173024e-14	1.072993e-05	1.022713e-09	
1.150000e+00	8.711018e-07	9.671173e-21	2.121255e-05	2.033925e-09	2.007742e-14	6.756573e-07	-4.676033e-13	2.754747e-08	2.400029e-04	8.803200e-14	9.878834e-06	9.472148e-10	
1.160000e+00	7.142186e-07	7.929419e-21	1.983942e-05	1.912299e-09	-1.018024e-14	7.081691e-07	-5.908087e-13	2.530822e-08	2.515515e-04	5.424742e-14	9.076990e-06	8.749232e-10	
1.170000e+00	5.846151e-07	6.490531e-21	1.856604e-05	1.797993e-09	5.010021e-15	7.423966e-07	-7.125211e-13	2.320743e-08	2.637096e-04	6.343134e-14	8.323174e-06	8.060460e-10	
1.180000e+00	4.777341e-07	5.303914e-21	1.738310e-05	1.690393e-09	4.243953e-15	7.784370e-07	-8.349145e-13	2.124505e-08	2.765117e-04	7.756616e-14	7.617007e-06	7.407098e-10	
1.190000e+00	3.897448e-07	4.327037e-21	1.628237e-05	1.589158e-09	5.391020e-14	8.163931e-07	-9.557439e-13	1.941132e-08	2.899942e-04	2.640982e-14	6.957664e-06	6.790747e-10	
1.200000e+00	3.174337e-07	3.524222e-21	1.525770e-05	1.493929e-09	-4.331541e-15	8.563740e-07	-1.077444e-12	1.768525e-08	3.041960e-04	3.362462e-14	6.343493e-06	6.211208e-10	
1.210000e+00	2.581100e-07	2.865597e-21	1.430242e-05	1.404297e-09	3.574898e-14	8.984953e-07	-1.197822e-12	1.610995e-08	3.191581e-04	7.444834e-14	5.773136e-06	5.668535e-10	
1.220000e+00	2.095254e-07	2.326199e-21	1.341123e-05	1.320091e-09	-1.480110e-14	9.428793e-07	-1.317681e-12	1.463707e-08	3.349239e-04	1.260270e-13	5.244743e-06	5.162655e-10	
1.230000e+00	1.698043e-07	1.885207e-21	1.257891e-05	1.240836e-09	4.036268e-14	9.896561e-07	-1.433615e-12	1.326954e-08	3.515397e-04	4.855698e-15	4.756527e-06	4.692245e-10	
1.240000e+00	1.373859e-07	1.525290e-21	1.180062e-05	1.166273e-09	-1.809108e-17	1.038963e-06	-1.549517e-12	1.201434e-08	3.690543e-04	9.169939e-14	4.306624e-06	4.256566e-10	
1.250000e+00	1.109729e-07	1.232047e-21	1.107264e-05	1.096119e-09	-8.611240e-15	1.090947e-06	-1.664953e-12	1.087431e-08	3.875196e-04	2.931099e-16	3.892858e-06	3.854003e-10	
1.260000e+00	8.949000e-08	9.935386e-22	1.039094e-05	1.030060e-09	-1.027946e-14	1.145762e-06	-1.787986e-12	9.881302e-09	4.069906e-04	1.337533e-13	3.513279e-06	3.483140e-10	
1.270000e+00	7.204684e-08	7.998806e-22	9.753206e-06	9.680511e-10	-4.158014e-15	1.203572e-06	-1.879421e-12	8.822586e-09	4.275258e-04	6.912264e-14	3.165467e-06	3.142370e-10	
1.280000e+00	5.790807e-08	6.429087e-22	9.154905e-06	9.096344e-10	1.070278e-14	1.264553e-06	-1.983954e-12	7.937279e-09	4.491869e-04	3.979674e-14	2.847868e-06	2.830258e-10	
1.290000e+00	4.646731e-08	5.158908e-22	8.593848e-06	8.547266e-10	-2.727694e-14	1.328888e-06	-2.100928e-12	7.183083e-09	4.720397e-04	9.550801e-14	2.558265e-06	2.545134e-10	
1.300000e+00	3.722554e-08	4.132865e-22	8.067589e-06	8.029950e-10	-5.871430e-14	1.396775e-06	-2.190531e-12	6.417183e-09	4.961538e-04	1.961900e-13	2.294670e-06	2.284854e-10	
1.310000e+00	2.977283e-08	3.305448e-22	7.573736e-06	7.543662e-10	-4.910020e-14	1.468420e-06	-2.275094e-12	5.724283e-09	5.216034e-04	1.983160e-14	2.055212e-06	2.048119e-10	
1.320000e+00	2.377308e-08	2.639342e-22	3.567027e-06	3.542939e-10	4.095342e-14	1.544046e-06	-4.711345e-12	1.020297e-08	5.484668e-04	6.985759e-14	3.663830e-06	3.641642e-10	
1.330000e+00	1.895124e-08	2.104011e-22	3.346888e-06	3.327676e-10	7.629582e-14	1.623888e-06	-4.882650e-12	9.116940e-09	5.768275e-04	4.735827e-14	3.273769e-06	3.258017e-10	
1.340000e+00	1.508265e-08	1.674510e-22	1.447887e-06	1.432559e-10	1.359405e-14	1.708193e-06	-1.094569e-11	1.764934e-08	6.067740e-04	9.258134e-16	6.335412e-06	6.276202e-10	
1.350000e+00	1.198411e-08	1.330503e-22	1.356632e-06	1.344576e-10	-3.171587e-15	1.797227e-06	-1.129433e-11	1.575173e-08	6.384003e-04	7.027443e-14	5.652510e-06	5.611564e-10	
1.360000e+00	9.506544e-09	1.055438e-22	1.271177e-06	1.261594e-10	7.157335e-14	1.891272e-06	-7.501327e-10	9.062034e-07	6.718062e-04	1.205386e-13	5.035759e-06	5.008727e-10	
1.370000e+00	7.528859e-09	8.358712e-23	1.191250e-06	1.183641e-10	-4.277521e-14	1.990625e-06	-8.267538e-10	8.661504e-07	7.070976e-04	9.239115e-14	4.479293e-06	4.463501e-10	
1.380000e+00	5.952862e-09	6.609004e-23	1.116391e-06	1.110307e-10	-2.237438e-14	2.095603e-06	-9.025422e-10	8.210528e-07	7.443874e-04	1.614867e-13	3.978434e-06	3.971738e-10	
1.390000e+00	4.699085e-09	5.217032e-23	1.046247e-06	1.041343e-10	-7.520373e-14	2.206543e-06	-9.743393e-10	7.704970e-07	7.837950e-04	1.490567e-13	3.528458e-06	3.529379e-10	
1.400000e+00	3.703329e-09	4.111521e-23	9.804629e-07	9.765050e-11	-7.001424e-14	2.323804e-06	-1.042421e-09	7.173385e-07	8.254477e-04	1.340146e-13	3.125027e-06	3.132687e-10	
1.410000e+00	2.913824e-09	3.234994e-23	9.185747e-07	9.156410e-11	-4.795021e-14	2.447766e-06	-1.103747e-09	6.616008e-07	8.694806e-04	1.881731e-15	2.764468e-06	2.779106e-10	
1.420000e+00	2.288901e-09	2.541191e-23	8.609561e-07	8.585154e-11	9.348107e-14	2.578832e-06	-1.871859e-09	9.782587e-07	9.160373e-04	4.744053e-13	2.440967e-06	2.461120e-10	
1.430000e+00	1.795082e-09	1.992941e-23	8.067402e-07	8.049319e-11	1.079444e-13	2.717434e-06	-2.001571e-09	9.127836e-07	9.652705e-04	4.783461e-13	2.152792e-06	2.179097e-10	
1.440000e+00	1.405514e-09	1.560434e-23	7.559188e-07	7.544526e-11	-1.978779e-14	2.864027e-06	-2.115380e-09	8.424574e-07	1.017342e-03	7.370773e-14	1.895963e-06	1.927974e-10	
1.450000e+00	1.098705e-09	1.219807e-23	7.074369e-07	7.063269e-11	8.772451e-14	3.019098e-06	-2.213779e-09	7.705662e-07	1.072426e-03	1.715753e-14	1.669410e-06	1.707611e-10	
1.460000e+00	8.574761e-10	9.519897e-24	6.659266e-07	6.648889e-11	4.963831e-14	3.183163e-06	-2.295313e-09	6.987895e-07	1.130704e-03	1.267547e-13	1.459308e-06	1.503308e-10	
1.470000e+00	6.681268e-10	7.417697e-24	6.212944e-07	6.205225e-11	-2.990973e-14	3.356773e-06	-2.358486e-09	6.284518e-07	1.192373e-03	8.674536e-14	1.285215e-06	1.336332e-10	
1.480000e+00	5.197472e-10	5.770353e-24	8.473327e-09	7.952361e-13	-2.870259e-14	3.540510e-06	-2.401677e-09	5.605098e-07	1.257639e-03	2.937902e-13	7.732088e-05	7.690872e-09	
1.490000e+00	4.036663e-10	4.481597e-24	5.606310e-09	5.201539e-13	6.383567e-14	3.734998e-06	-2.426795e-09	4.963797e-07	1.326724e-03	1.465230e-13	9.574782e-05	9.582386e-09	
1.500000e+00	3.130045e-10	3.475048e-24	5.099853e-07	5.096192e-11	1.219982e-13	3.940899e-06	-2.434084e-09	4.366120e-07	1.399862e-03	2.931711e-13	8.611556e-07	9.358218e-11	
