qt_to_Q	unpol_bn	err	unpol_rc	err	sivers_bn	err	sivers_rc	err	collins_bn	err	collins_rc	err
1.000000e-02	1.017179e-02	1.129296e-16	7.822587e-03	1.346201e-07	1.065320e-04	3.560539e-08	1.248430e-04	4.686142e-08	1.264753e-05	2.999094e-07	1.482453e-05	3.512271e-07	
2.000000e-02	1.009794e-02	1.121096e-16	7.768048e-03	1.334117e-07	2.128446e-04	7.131816e-08	2.493579e-04	9.370075e-08	2.533321e-05	5.992010e-07	2.968516e-05	7.009163e-07	
3.000000e-02	9.976040e-03	1.107563e-16	7.678009e-03	1.314333e-07	3.187188e-04	1.072462e-07	3.732151e-04	1.405268e-07	3.809536e-05	8.972587e-07	4.461800e-05	1.048147e-06	
4.000000e-02	9.807851e-03	1.088890e-16	7.553737e-03	1.287073e-07	4.239373e-04	1.434985e-07	4.961212e-04	1.874201e-07	5.097269e-05	1.193470e-06	5.965927e-05	1.392004e-06	
5.000000e-02	9.595773e-03	1.065345e-16	7.396954e-03	1.252860e-07	5.282844e-04	1.801857e-07	6.177131e-04	2.343565e-07	6.400448e-05	1.487229e-06	7.484549e-05	1.731585e-06	
6.000000e-02	9.342789e-03	1.037258e-16	7.210096e-03	1.211622e-07	6.315471e-04	2.174204e-07	7.376491e-04	2.813321e-07	7.723076e-05	1.777934e-06	9.020982e-05	2.065915e-06	
7.000000e-02	9.052402e-03	1.005018e-16	6.995104e-03	1.164648e-07	7.335157e-04	2.553180e-07	8.556257e-04	3.284548e-07	9.069254e-05	2.064997e-06	1.057959e-04	2.394267e-06	
8.000000e-02	8.728547e-03	9.690634e-17	6.755132e-03	1.112868e-07	8.339840e-04	2.939974e-07	9.713504e-04	3.757785e-07	1.044320e-04	2.347836e-06	1.216380e-04	2.715699e-06	
9.000000e-02	8.375508e-03	9.298682e-17	6.493037e-03	1.056635e-07	9.327506e-04	3.335810e-07	1.084478e-03	4.232424e-07	1.184926e-04	2.625884e-06	1.377786e-04	3.029472e-06	
1.000000e-01	7.997823e-03	8.879367e-17	6.212631e-03	9.967055e-08	1.029619e-03	3.741960e-07	1.194734e-03	4.711181e-07	1.329197e-04	2.898588e-06	1.542454e-04	3.334519e-06	
1.100000e-01	7.600182e-03	8.437897e-17	5.916857e-03	9.340801e-08	1.124398e-03	4.159748e-07	1.301795e-03	5.192980e-07	1.477601e-04	3.165410e-06	1.710867e-04	3.630244e-06	
1.200000e-01	7.187339e-03	7.979550e-17	5.609428e-03	8.693464e-08	1.216902e-03	4.590555e-07	1.405404e-03	5.679692e-07	1.630629e-04	3.425829e-06	1.883349e-04	3.915711e-06	
1.300000e-01	6.764016e-03	7.509566e-17	5.293673e-03	8.035041e-08	1.306954e-03	5.035830e-07	1.505295e-03	6.172340e-07	1.788797e-04	3.679344e-06	2.060317e-04	4.190210e-06	
1.400000e-01	6.334813e-03	7.033055e-17	4.972960e-03	7.372439e-08	1.394383e-03	5.497094e-07	1.601041e-03	6.670875e-07	1.952645e-04	3.925472e-06	2.242162e-04	4.452984e-06	
1.500000e-01	5.904132e-03	6.554903e-17	4.650512e-03	6.715395e-08	1.479024e-03	5.975954e-07	1.692574e-03	7.178021e-07	2.122742e-04	4.163754e-06	2.429276e-04	4.703307e-06	
1.600000e-01	5.476106e-03	6.079698e-17	4.329363e-03	6.068287e-08	1.560722e-03	6.474104e-07	1.779473e-03	7.693720e-07	2.299692e-04	4.393751e-06	2.622052e-04	4.940476e-06	
1.700000e-01	5.054540e-03	5.611666e-17	4.012321e-03	5.438616e-08	1.639330e-03	6.993341e-07	1.861501e-03	8.219984e-07	2.484132e-04	4.615048e-06	2.820874e-04	5.163812e-06	
1.800000e-01	4.642864e-03	5.154614e-17	3.701927e-03	4.831962e-08	1.714710e-03	7.535573e-07	1.938471e-03	8.758594e-07	2.676741e-04	4.827258e-06	3.026124e-04	5.372661e-06	
1.900000e-01	4.244097e-03	4.711894e-17	3.400440e-03	4.252103e-08	1.786732e-03	8.102829e-07	2.010113e-03	9.310889e-07	2.878238e-04	5.030016e-06	3.238162e-04	5.566383e-06	
2.000000e-01	3.860827e-03	4.286379e-17	3.109802e-03	3.703683e-08	1.855278e-03	8.697275e-07	2.076237e-03	9.878533e-07	3.089394e-04	5.222987e-06	3.457337e-04	5.744373e-06	
2.100000e-01	3.495196e-03	3.880448e-17	2.831646e-03	3.189182e-08	1.920237e-03	9.321221e-07	2.136520e-03	1.046264e-06	3.311028e-04	5.405859e-06	3.683965e-04	5.906039e-06	
2.200000e-01	3.148906e-03	3.495988e-17	2.567283e-03	2.711493e-08	1.981509e-03	9.977139e-07	2.190799e-03	1.106515e-06	3.544019e-04	5.578354e-06	3.918333e-04	6.050814e-06	
2.300000e-01	2.823225e-03	3.134409e-17	2.317712e-03	2.271407e-08	2.039006e-03	1.066768e-06	2.238821e-03	1.168748e-06	3.789308e-04	5.740219e-06	4.160679e-04	6.178157e-06	
2.400000e-01	2.519008e-03	2.796661e-17	2.083639e-03	1.869938e-08	2.092648e-03	1.139567e-06	2.279526e-03	1.232471e-06	4.047903e-04	5.891232e-06	4.411177e-04	6.287534e-06	
2.500000e-01	2.236725e-03	2.483264e-17	1.865483e-03	1.506916e-08	2.142366e-03	1.216418e-06	2.315416e-03	1.299772e-06	4.320888e-04	6.031199e-06	4.669934e-04	6.378447e-06	
2.600000e-01	1.976494e-03	2.194349e-17	1.663408e-03	1.181931e-08	2.188103e-03	1.297648e-06	2.343574e-03	1.368793e-06	4.609428e-04	6.159958e-06	4.936954e-04	6.450407e-06	
2.700000e-01	1.738117e-03	1.929698e-17	1.477349e-03	8.937550e-09	2.229812e-03	1.383611e-06	2.364709e-03	1.440235e-06	4.914778e-04	6.277377e-06	5.212117e-04	6.502938e-06	
2.800000e-01	1.521123e-03	1.688785e-17	1.307032e-03	6.409404e-09	2.267456e-03	1.474686e-06	2.378644e-03	1.514135e-06	5.238290e-04	6.383353e-06	5.495166e-04	6.535595e-06	
2.900000e-01	1.324805e-03	1.470828e-17	1.152009e-03	4.215483e-09	2.301010e-03	1.571285e-06	2.385209e-03	1.590468e-06	5.581422e-04	6.477814e-06	5.785660e-04	6.547951e-06	
3.000000e-01	1.148267e-03	1.274832e-17	1.011688e-03	2.334324e-09	2.330459e-03	1.673850e-06	2.384231e-03	1.669137e-06	5.945749e-04	6.560719e-06	6.082939e-04	6.539600e-06	
3.100000e-01	9.904625e-04	1.099634e-17	8.853611e-04	7.425828e-10	2.355799e-03	1.782861e-06	2.375558e-03	1.749972e-06	6.332970e-04	6.632057e-06	6.386086e-04	6.510170e-06	
3.200000e-01	8.502345e-04	9.439499e-18	7.722303e-04	5.844781e-10	2.377037e-03	1.898835e-06	2.359046e-03	1.832703e-06	6.744926e-04	6.691845e-06	6.693874e-04	6.459323e-06	
3.300000e-01	7.263499e-04	8.064104e-18	6.714367e-04	1.672030e-09	2.394189e-03	2.022332e-06	2.334569e-03	1.916949e-06	7.183608e-04	6.740131e-06	7.004717e-04	6.386768e-06	
3.400000e-01	6.175336e-04	6.856000e-18	5.820824e-04	2.545210e-09	2.407282e-03	2.153961e-06	2.302020e-03	2.002191e-06	7.651171e-04	6.776992e-06	7.316609e-04	6.292276e-06	
3.500000e-01	5.224972e-04	5.800884e-18	5.032523e-04	3.228710e-09	2.416354e-03	2.294378e-06	2.261327e-03	2.087764e-06	8.149951e-04	6.802531e-06	7.627070e-04	6.175700e-06	
3.600000e-01	4.399642e-04	4.884584e-18	4.340326e-04	3.746120e-09	2.421451e-03	2.444297e-06	2.212401e-03	2.172778e-06	8.682484e-04	6.816881e-06	7.933084e-04	6.036997e-06	
3.700000e-01	3.686904e-04	4.093285e-18	3.735258e-04	4.119956e-09	2.422631e-03	2.604492e-06	2.155420e-03	2.256354e-06	9.251518e-04	6.820200e-06	8.231061e-04	5.876265e-06	
3.800000e-01	3.074813e-04	3.413728e-18	3.208653e-04	4.371181e-09	2.419957e-03	2.775803e-06	2.082299e-03	2.329014e-06	9.860040e-04	6.812674e-06	8.516767e-04	5.693765e-06	
3.900000e-01	2.552051e-04	2.833346e-18	2.752230e-04	4.518956e-09	2.413506e-03	2.959144e-06	2.017460e-03	2.413866e-06	1.051129e-03	6.794513e-06	8.785356e-04	5.489995e-06	
4.000000e-01	2.108022e-04	2.340375e-18	2.358189e-04	4.580963e-09	2.403360e-03	3.155507e-06	1.936515e-03	2.484296e-06	1.120880e-03	6.765949e-06	9.031353e-04	5.265717e-06	
4.100000e-01	1.732916e-04	1.923923e-18	2.019264e-04	4.572830e-09	2.389610e-03	3.365973e-06	1.848769e-03	2.547578e-06	1.195641e-03	6.727241e-06	9.248699e-04	5.022008e-06	
4.200000e-01	1.417744e-04	1.574012e-18	1.728742e-04	4.508444e-09	2.372356e-03	3.591716e-06	1.752579e-03	2.598923e-06	1.275828e-03	6.678666e-06	9.430911e-04	4.760336e-06	
4.300000e-01	1.154351e-04	1.281587e-18	1.480496e-04	4.400055e-09	2.351703e-03	3.834017e-06	1.652604e-03	2.641546e-06	1.361896e-03	6.620525e-06	9.571212e-04	4.482582e-06	
4.400000e-01	9.354033e-05	1.038506e-18	1.268971e-04	4.258476e-09	2.327766e-03	4.094269e-06	1.547286e-03	2.670323e-06	1.454342e-03	6.553136e-06	9.662826e-04	4.191097e-06	
4.500000e-01	7.543670e-05	8.375156e-19	1.089174e-04	4.092153e-09	2.300663e-03	4.373993e-06	1.436307e-03	2.680906e-06	1.553704e-03	6.476838e-06	9.699340e-04	3.888727e-06	
4.600000e-01	6.054675e-05	6.722040e-19	9.366704e-05	3.909364e-09	2.270522e-03	4.674846e-06	1.324068e-03	2.676954e-06	1.660571e-03	6.391983e-06	9.674939e-04	3.578729e-06	
4.700000e-01	4.836433e-05	5.369519e-19	8.075008e-05	3.715697e-09	2.237472e-03	4.998635e-06	1.206431e-03	2.646551e-06	1.775585e-03	6.298942e-06	9.585367e-04	3.264918e-06	
4.800000e-01	3.844920e-05	4.268719e-19	6.982378e-05	3.516829e-09	2.201651e-03	5.347337e-06	1.092777e-03	2.604658e-06	1.899449e-03	6.198099e-06	9.427461e-04	2.951228e-06	
4.900000e-01	3.042140e-05	3.377454e-19	6.058590e-05	3.316627e-09	2.163200e-03	5.723106e-06	9.769311e-04	2.534342e-06	2.032927e-03	6.089851e-06	9.200487e-04	2.641911e-06	
5.000000e-01	2.395536e-05	2.659580e-19	5.277567e-05	3.118262e-09	2.122264e-03	6.128299e-06	8.683028e-04	2.455107e-06	2.176857e-03	5.974606e-06	8.905909e-04	2.341172e-06	
5.100000e-01	1.877413e-05	2.084347e-19	4.616833e-05	2.924597e-09	2.078990e-03	6.565491e-06	7.620404e-04	2.352464e-06	2.332154e-03	5.852782e-06	8.547719e-04	2.053026e-06	
5.200000e-01	1.464375e-05	1.625783e-19	4.057126e-05	2.737171e-09	2.033531e-03	7.037500e-06	6.615066e-04	2.233425e-06	2.499818e-03	5.724806e-06	8.132378e-04	1.781089e-06	
5.300000e-01	1.136795e-05	1.262096e-19	3.582114e-05	2.557426e-09	1.986041e-03	7.547409e-06	5.677641e-04	2.100256e-06	2.680945e-03	5.591112e-06	7.668389e-04	1.528355e-06	
5.400000e-01	8.783184e-06	9.751293e-20	3.177953e-05	2.386163e-09	1.936676e-03	8.098592e-06	4.824276e-04	1.958900e-06	2.876733e-03	5.452138e-06	7.165974e-04	1.297084e-06	
5.500000e-01	6.754037e-06	7.498487e-20	2.832786e-05	2.223956e-09	1.885593e-03	8.694745e-06	4.052177e-04	1.809734e-06	3.088495e-03	5.308329e-06	6.636903e-04	1.088795e-06	
5.600000e-01	5.169146e-06	5.738905e-20	2.536977e-05	2.071075e-09	1.832951e-03	9.339917e-06	3.366492e-04	1.657125e-06	3.317669e-03	5.160131e-06	6.092594e-04	9.040224e-07	
5.700000e-01	3.937499e-06	4.371502e-20	2.282325e-05	1.927426e-09	1.778908e-03	1.003855e-05	2.724662e-04	1.481552e-06	3.565832e-03	5.007991e-06	5.544578e-04	7.425841e-07	
5.800000e-01	2.985181e-06	3.314216e-20	2.062008e-05	1.792890e-09	1.723625e-03	1.079550e-05	2.249655e-04	1.354182e-06	3.834714e-03	4.852356e-06	5.003518e-04	6.036054e-07	
5.900000e-01	2.252535e-06	2.500817e-20	1.870324e-05	1.667304e-09	1.667258e-03	1.161613e-05	1.810423e-04	1.209340e-06	4.126212e-03	4.693673e-06	4.478846e-04	4.856723e-07	
6.000000e-01	1.691710e-06	1.878176e-20	1.702660e-05	1.550147e-09	1.609966e-03	1.250628e-05	1.442486e-04	1.071873e-06	4.442407e-03	4.532385e-06	3.978085e-04	3.869469e-07	
6.100000e-01	1.264550e-06	1.403933e-20	1.555139e-05	1.441126e-09	1.551905e-03	1.347240e-05	1.137528e-04	9.426236e-07	4.785586e-03	4.368931e-06	3.507174e-04	3.053813e-07	
6.200000e-01	9.408155e-07	1.044515e-20	1.424595e-05	1.339790e-09	1.493229e-03	1.452156e-05	8.889136e-05	8.235436e-07	5.158262e-03	4.203744e-06	3.070217e-04	2.388265e-07	
6.300000e-01	6.966806e-07	7.734708e-21	1.308413e-05	1.245595e-09	1.434088e-03	1.566153e-05	6.893173e-05	7.158569e-07	5.563194e-03	4.037252e-06	2.669706e-04	1.851601e-07	
6.400000e-01	5.134835e-07	5.700812e-21	1.204453e-05	1.158145e-09	1.374633e-03	1.690084e-05	5.288062e-05	6.172200e-07	6.003416e-03	3.869874e-06	2.306657e-04	1.423690e-07	
6.500000e-01	3.766911e-07	4.182111e-21	1.110932e-05	1.076921e-09	1.315009e-03	1.824891e-05	4.019933e-05	5.287859e-07	6.482267e-03	3.702020e-06	1.980933e-04	1.086126e-07	
6.600000e-01	2.750510e-07	3.053679e-21	1.026470e-05	1.001667e-09	1.255359e-03	1.971606e-05	3.035615e-05	4.512666e-07	7.003420e-03	3.534092e-06	1.691295e-04	8.224597e-08	
6.700000e-01	1.998999e-07	2.219335e-21	9.496527e-06	9.316096e-10	1.195820e-03	2.131368e-05	2.269814e-05	3.824222e-07	7.570916e-03	3.366478e-06	1.436270e-04	6.186275e-08	
6.800000e-01	1.446061e-07	1.605450e-21	8.797019e-06	8.666303e-10	1.136527e-03	2.305429e-05	1.684837e-05	3.226665e-07	8.189206e-03	3.199555e-06	1.213193e-04	4.623654e-08	
6.900000e-01	1.041209e-07	1.155974e-21	8.157022e-06	8.063136e-10	1.077609e-03	2.495171e-05	1.240937e-05	2.709620e-07	8.863196e-03	3.033689e-06	1.019603e-04	3.436539e-08	
7.000000e-01	7.462248e-08	8.284759e-22	7.569843e-06	7.502550e-10	1.019191e-03	2.702114e-05	9.067635e-06	2.264557e-07	9.598288e-03	2.869231e-06	8.527231e-05	2.542035e-08	
7.100000e-01	5.323344e-08	5.910099e-22	7.028997e-06	6.980667e-10	9.613922e-04	2.927937e-05	6.573128e-06	1.883724e-07	1.040044e-02	2.706516e-06	7.098579e-05	1.873450e-08	
7.200000e-01	3.779946e-08	4.196584e-22	6.529490e-06	6.495380e-10	9.043270e-04	3.174488e-05	9.400728e-06	3.102067e-07	1.127623e-02	2.545865e-06	5.882957e-05	1.377398e-08	
7.300000e-01	2.671628e-08	2.966103e-22	6.069455e-06	6.045103e-10	8.481037e-04	3.443809e-05	6.715538e-06	2.560857e-07	1.223289e-02	2.387585e-06	4.852638e-05	1.011373e-08	
7.400000e-01	1.879571e-08	2.086743e-22	1.381216e-06	1.364064e-10	7.928250e-04	3.738152e-05	9.740330e-06	4.308718e-07	1.327844e-02	2.231964e-06	1.628410e-04	3.028310e-08	
7.500000e-01	1.316246e-08	1.461326e-22	1.280641e-06	1.268572e-10	7.385874e-04	4.060005e-05	6.849104e-06	3.528916e-07	1.442170e-02	2.079274e-06	1.335803e-04	2.238335e-08	
7.600000e-01	9.175163e-09	1.018648e-22	1.189157e-06	1.180726e-10	6.854813e-04	4.412114e-05	4.775542e-06	2.878369e-07	1.567245e-02	1.929770e-06	1.089743e-04	1.660151e-08	
7.700000e-01	6.366377e-09	7.068098e-23	1.104184e-06	1.098412e-10	6.335910e-04	4.797515e-05	3.297104e-06	2.335613e-07	1.704145e-02	1.783688e-06	8.854547e-05	1.239871e-08	
7.800000e-01	4.397196e-09	4.881868e-23	1.025548e-06	1.021580e-10	5.829942e-04	5.219564e-05	2.255552e-06	1.887409e-07	1.854062e-02	1.641248e-06	7.163904e-05	9.336506e-09	
7.900000e-01	3.023204e-09	3.356431e-23	5.154202e-08	4.880317e-12	5.337622e-04	5.681970e-05	2.827446e-05	2.810330e-06	2.018315e-02	1.502650e-06	1.066834e-03	1.268884e-07	
8.000000e-01	2.069048e-09	2.297105e-23	8.214186e-08	8.026311e-12	4.859598e-04	6.188838e-05	2.164775e-05	2.571494e-06	2.198362e-02	1.368076e-06	4.990029e-04	5.787342e-08	
8.100000e-01	1.409575e-09	1.564943e-23	6.715952e-08	6.588626e-12	4.396451e-04	6.744709e-05	1.638219e-05	2.341630e-06	2.395815e-02	1.237691e-06	4.531352e-04	5.113640e-08	
8.200000e-01	9.559251e-10	1.061290e-23	2.795623e-08	2.708956e-12	3.948699e-04	7.354609e-05	1.220389e-05	2.115256e-06	2.612460e-02	1.111639e-06	8.049788e-04	8.860357e-08	
8.300000e-01	6.453281e-10	7.164581e-24	2.274193e-08	2.215629e-12	3.516792e-04	8.024107e-05	9.040761e-06	1.916968e-06	2.850275e-02	9.900487e-07	7.288281e-04	8.048713e-08	
8.400000e-01	4.336723e-10	4.814730e-24	1.847180e-08	1.807750e-12	3.101118e-04	8.759368e-05	6.601790e-06	1.730068e-06	3.111450e-02	8.730282e-07	6.582572e-04	7.391712e-08	
8.500000e-01	2.901152e-10	3.220926e-24	1.481325e-08	1.454870e-12	2.701999e-04	9.567226e-05	4.803221e-06	1.574667e-06	3.398412e-02	7.606680e-07	5.997517e-04	6.934569e-08	
8.600000e-01	1.932014e-10	2.144966e-24	1.196513e-08	1.178781e-12	2.319695e-04	1.045526e-04	3.405201e-06	1.417177e-06	3.713853e-02	6.530414e-07	5.403657e-04	6.511509e-08	
8.700000e-01	1.280808e-10	1.421983e-24	9.409741e-09	9.293600e-13	1.954403e-04	1.143186e-04	2.439876e-06	1.312795e-06	4.060756e-02	5.502040e-07	4.980558e-04	6.323850e-08	
8.800000e-01	8.452699e-11	9.384381e-25	7.579644e-09	7.501220e-13	1.606259e-04	1.250635e-04	1.654192e-06	1.178055e-06	4.442431e-02	4.521945e-07	4.464020e-04	6.030244e-08	
8.900000e-01	5.553250e-11	6.165346e-25	6.051990e-09	5.999246e-13	1.275342e-04	1.368908e-04	1.083525e-06	1.054191e-06	4.862553e-02	3.590351e-07	4.020371e-04	5.824034e-08	
9.000000e-01	3.631975e-11	4.032302e-25	4.888262e-09	4.853471e-13	9.616733e-05	1.499152e-04	6.732012e-07	9.364205e-07	5.325198e-02	2.707305e-07	3.565091e-04	5.570749e-08	
9.100000e-01	2.364750e-11	2.625400e-25	3.947764e-09	3.926151e-13	6.652168e-05	1.642643e-04	3.894935e-07	8.322067e-07	5.834896e-02	1.872721e-07	3.149250e-04	5.325221e-08	
9.200000e-01	1.532773e-11	1.701719e-25	6.303091e-09	6.288825e-13	3.858854e-05	1.800796e-04	1.984318e-07	7.436005e-07	6.396678e-02	1.086347e-07	1.401560e-04	2.566607e-08	
9.300000e-01	9.890613e-12	1.098079e-25	5.040269e-09	5.030797e-13	1.235403e-05	1.975185e-04	7.205470e-08	6.669500e-07	7.016134e-02	3.477876e-08	1.240491e-04	2.451051e-08	
9.400000e-01	6.353672e-12	7.053992e-26	4.023230e-09	4.017406e-13	-1.220058e-05	2.167561e-04	-8.619094e-09	5.775555e-07	7.699481e-02	3.434705e-08	1.095547e-04	2.321148e-08	
9.500000e-01	4.063360e-12	4.511236e-26	3.207836e-09	3.204047e-13	-3.509857e-05	2.379870e-04	-5.636466e-08	5.230036e-07	8.453631e-02	9.881007e-08	9.647830e-05	2.169529e-08	
9.600000e-01	2.587067e-12	2.872222e-26	2.555378e-09	2.552684e-13	-5.636757e-05	2.614276e-04	-7.994021e-08	4.552418e-07	9.286275e-02	1.586864e-07	8.470352e-05	1.991303e-08	
9.700000e-01	1.639815e-12	1.820560e-26	2.032714e-09	2.031174e-13	-7.603926e-05	2.873190e-04	-8.927424e-08	4.004309e-07	1.020597e-01	2.140662e-07	7.417804e-05	1.784201e-08	
9.800000e-01	1.034784e-12	1.148840e-26	1.620016e-09	1.618869e-13	-9.414906e-05	3.159293e-04	-8.930683e-08	3.517620e-07	1.122225e-01	2.650497e-07	6.458162e-05	1.540573e-08	
9.900000e-01	6.500912e-13	7.217462e-27	1.290405e-09	1.289776e-13	-1.107359e-04	3.475574e-04	-4.121378e-08	1.514550e-07	1.234572e-01	3.117445e-07	5.603536e-05	1.265641e-08	
1.000000e+00	4.066042e-13	4.514213e-27	1.041723e-09	1.041353e-13	-1.258417e-04	3.825362e-04	-3.529656e-08	1.255799e-07	1.358822e-01	3.542701e-07	4.778385e-05	9.495184e-09	
1.010000e+00	2.531889e-13	2.810961e-27	8.314482e-10	8.311735e-14	-1.395115e-04	4.212367e-04	-3.057373e-08	1.076713e-07	1.496292e-01	3.927534e-07	4.105166e-05	6.343972e-09	
1.020000e+00	1.569622e-13	1.742631e-27	3.936730e-09	3.931505e-13	-1.517927e-04	4.640727e-04	-2.602831e-08	9.168527e-08	1.648451e-01	4.273288e-07	5.921778e-06	6.223609e-10	
1.030000e+00	9.687811e-14	1.075563e-27	3.231037e-09	3.222978e-13	-1.627350e-04	5.115058e-04	-2.263038e-08	7.969649e-08	1.816940e-01	4.581325e-07	4.908627e-06	6.736209e-10	
1.040000e+00	5.953035e-14	6.609196e-28	2.648325e-09	2.645819e-13	-1.723902e-04	5.640509e-04	-1.923861e-08	6.696483e-08	2.003588e-01	4.853137e-07	4.058265e-06	1.192246e-09	
1.050000e+00	3.641963e-14	4.043392e-28	2.168136e-09	2.167642e-13	-1.808114e-04	6.222830e-04	-1.657877e-08	5.581370e-08	2.210436e-01	5.090220e-07	3.346064e-06	1.806169e-09	
1.060000e+00	2.218294e-14	2.462801e-28	1.773272e-09	1.771794e-13	-1.880534e-04	6.868442e-04	-1.458594e-08	4.616161e-08	2.439766e-01	5.294095e-07	2.750797e-06	2.431519e-09	
1.070000e+00	1.345213e-14	1.493486e-28	1.449257e-09	1.448609e-13	-1.941719e-04	7.584517e-04	-1.255245e-08	3.634083e-08	2.694127e-01	5.466338e-07	2.254299e-06	3.044459e-09	
1.080000e+00	8.121810e-15	9.017020e-29	1.183795e-09	1.182909e-13	-1.992232e-04	8.379076e-04	-1.179088e-08	3.079527e-08	2.976365e-01	5.608554e-07	1.841282e-06	3.632118e-09	
1.090000e+00	4.882098e-15	5.420217e-29	9.667517e-10	9.665514e-14	-2.032644e-04	9.261081e-04	-1.115751e-08	2.654668e-08	3.289665e-01	5.722314e-07	1.498466e-06	4.184288e-09	
1.100000e+00	2.921820e-15	3.243872e-29	7.895996e-10	7.892987e-14	-2.063527e-04	1.024056e-03	-1.083305e-08	2.422572e-08	3.637591e-01	5.809253e-07	1.214663e-06	4.691908e-09	
1.110000e+00	1.740985e-15	1.932882e-29	1.412967e-09	1.412887e-13	-2.085452e-04	1.132874e-03	-1.647593e-09	3.590966e-09	4.024128e-01	5.870991e-07	4.476927e-07	2.350180e-09	
1.120000e+00	1.032839e-15	1.146682e-29	1.155806e-09	1.155745e-13	-2.098987e-04	1.253819e-03	-1.703632e-09	3.713480e-09	4.453740e-01	5.909105e-07	3.596172e-07	2.529763e-09	
1.130000e+00	6.100533e-16	6.772952e-30	9.439379e-10	9.438977e-14	-2.104697e-04	1.388297e-03	-1.770340e-09	3.906724e-09	4.931426e-01	5.925146e-07	2.882567e-07	2.686283e-09	
1.140000e+00	3.587575e-16	3.983008e-30	7.699607e-10	7.699398e-14	-2.103138e-04	1.537886e-03	-1.848671e-09	4.142954e-09	5.462788e-01	5.920791e-07	2.304937e-07	2.818395e-09	
1.150000e+00	2.100552e-16	2.332081e-30	6.385058e-10	6.384988e-14	-2.094857e-04	1.704354e-03	-2.123902e-09	4.827882e-09	6.054105e-01	5.897465e-07	1.806360e-07	2.874565e-09	
1.160000e+00	1.224520e-16	1.359490e-30	5.089868e-10	5.088605e-14	-2.080390e-04	1.889683e-03	-9.373169e-09	2.155499e-08	6.712420e-01	5.856732e-07	1.467495e-07	3.017825e-09	
1.170000e+00	7.107205e-17	7.890583e-31	4.187671e-08	4.187176e-12	-2.060260e-04	2.096099e-03	-1.063559e-11	2.467715e-11	7.445635e-01	5.800063e-07	1.151174e-09	3.040138e-11	
1.180000e+00	4.107079e-17	4.559774e-31	2.149804e-10	2.148762e-14	-2.034977e-04	2.326097e-03	-2.007698e-08	4.689298e-08	8.262623e-01	5.728924e-07	1.442498e-07	4.864792e-09	
1.190000e+00	2.363029e-17	2.623489e-31	3.479701e-08	3.479648e-12	-2.005033e-04	2.582484e-03	-8.722741e-12	2.047183e-11	9.173344e-01	5.644582e-07	5.714897e-10	2.448636e-11	
1.200000e+00	1.353651e-17	1.502855e-31	2.363031e-10	2.363022e-14	-1.970905e-04	2.868410e-03	-2.199686e-09	5.180481e-09	1.018899e+00	5.548515e-07	5.380622e-08	2.914984e-09	
1.210000e+00	7.720522e-18	8.571501e-32	2.017070e-10	2.016964e-14	-1.933051e-04	3.187418e-03	-2.135597e-09	5.042002e-09	1.132215e+00	5.442001e-07	4.019239e-08	2.740672e-09	
1.220000e+00	4.384183e-18	4.867421e-32	2.045991e-10	2.045795e-14	-1.891909e-04	3.543492e-03	-2.042950e-09	4.831745e-09	1.258698e+00	5.326149e-07	2.520299e-08	2.153525e-09	
1.230000e+00	2.478750e-18	2.751965e-32	1.771527e-10	1.771453e-14	-1.847899e-04	3.941114e-03	-1.793987e-09	4.248196e-09	1.399939e+00	5.202273e-07	1.847422e-08	1.969393e-09	
1.240000e+00	1.395336e-18	1.549134e-32	1.545356e-10	1.545253e-14	-1.801421e-04	4.385331e-03	-8.281905e-10	1.962890e-09	1.557731e+00	5.071415e-07	1.341766e-08	1.776478e-09	
1.250000e+00	7.820350e-19	8.682332e-33	1.095617e-10	1.095548e-14	-1.752853e-04	4.881827e-03	-7.550619e-10	1.790672e-09	1.734093e+00	4.934642e-07	1.197478e-08	1.959907e-09	
1.260000e+00	4.363901e-19	4.844903e-33	7.001475e-10	6.999455e-14	-1.702553e-04	5.437007e-03	-6.228660e-10	1.477803e-09	1.931301e+00	4.793051e-07	1.184723e-09	2.385129e-10	
1.270000e+00	2.424511e-19	2.691748e-33	5.885063e-10	5.883293e-14	-1.650856e-04	6.058090e-03	-5.476977e-10	1.299855e-09	2.151918e+00	4.647489e-07	8.909616e-10	2.194582e-10	
1.280000e+00	1.341138e-19	1.488963e-33	4.373651e-10	4.372913e-14	-1.598079e-04	6.753222e-03	-1.945918e-09	4.619248e-09	2.398839e+00	4.499013e-07	7.582199e-10	2.271638e-10	
1.290000e+00	7.386222e-20	8.200354e-34	3.694228e-10	3.693625e-14	-1.544514e-04	7.531594e-03	-1.596862e-09	3.791223e-09	2.675328e+00	4.348184e-07	5.684693e-10	2.058236e-10	
1.300000e+00	4.050136e-20	4.496554e-34	3.113864e-10	3.113629e-14	-1.490435e-04	8.403585e-03	-1.128930e-09	2.680553e-09	2.985071e+00	4.195959e-07	4.280088e-10	1.859430e-10	
1.310000e+00	2.211131e-20	2.454849e-34	4.927249e-10	4.926740e-14	-1.436095e-04	9.380918e-03	-8.007883e-10	1.901547e-09	3.332233e+00	4.042911e-07	1.721829e-10	8.904801e-11	
1.320000e+00	1.201866e-20	1.334340e-34	1.406490e-10	1.406441e-14	-1.381727e-04	1.047685e-02	-5.567738e-10	1.322180e-09	3.721522e+00	3.889966e-07	3.854980e-10	2.352817e-10	
1.330000e+00	6.504191e-21	7.221103e-35	1.167371e-10	1.167324e-14	-1.327542e-04	1.170635e-02	-4.214635e-10	1.000892e-09	4.158260e+00	3.737350e-07	2.982843e-10	2.128198e-10	
1.340000e+00	3.504491e-21	3.890767e-35	1.035431e-10	1.035411e-14	-1.273735e-04	1.241397e-08	-3.210920e-10	7.625489e-10	4.648471e+00	3.585831e-07	2.172107e-10	1.793263e-10	
1.350000e+00	1.879966e-21	2.087181e-35	2.662483e-10	2.662451e-14	-1.220480e-04	1.388411e-08	-3.961196e-11	9.407454e-11	5.198972e+00	3.435930e-07	5.491332e-11	5.189384e-11	
1.360000e+00	1.004077e-21	1.114749e-35	2.327555e-10	2.327393e-14	-1.167935e-04	1.553588e-08	-3.430758e-11	8.147817e-11	5.817487e+00	3.288015e-07	4.112148e-11	4.398184e-11	
1.370000e+00	5.339182e-22	5.927683e-36	2.107733e-10	2.107720e-14	-1.116241e-04	1.739266e-08	-1.393632e-11	3.309809e-11	6.512768e+00	3.142386e-07	2.994676e-11	3.583428e-11	
1.380000e+00	2.826648e-22	3.138210e-36	1.828062e-10	1.828055e-14	-1.065520e-04	1.948095e-08	-1.180348e-11	2.803287e-11	7.294738e+00	2.999696e-07	2.294088e-11	3.035760e-11	
1.390000e+00	1.489899e-22	1.654120e-36	1.594726e-10	1.594677e-14	-1.015882e-04	2.183082e-08	-9.916266e-12	2.355090e-11	8.174656e+00	2.860072e-07	1.760059e-11	2.546536e-11	
1.400000e+00	7.818586e-23	8.680374e-37	1.399622e-10	1.399608e-14	-9.674201e-05	2.447638e-08	-9.003880e-12	2.138407e-11	9.165302e+00	2.723694e-07	1.351536e-11	2.114770e-11	
1.410000e+00	4.084930e-23	4.535183e-37	7.073289e-09	7.072978e-13	-9.202144e-05	2.745642e-08	-2.351991e-13	5.585950e-13	1.028119e+01	2.591085e-07	1.813853e-13	3.037906e-13	
1.420000e+00	2.124831e-23	2.359037e-37	6.290521e-09	6.290091e-13	-8.743318e-05	3.081496e-08	-1.919789e-13	4.559484e-13	1.153881e+01	2.461774e-07	1.391109e-13	2.470225e-13	
1.430000e+00	1.100389e-23	1.221677e-37	5.574132e-09	5.574094e-13	-8.298268e-05	3.460209e-08	-1.562089e-13	3.709953e-13	1.295692e+01	2.336702e-07	1.075890e-13	2.008154e-13	
1.440000e+00	5.673460e-24	6.298806e-38	4.956667e-09	4.956380e-13	-7.867431e-05	3.887479e-08	-1.259531e-13	2.991381e-13	1.455686e+01	2.215525e-07	8.324093e-14	1.620600e-13	
1.450000e+00	2.912250e-24	3.233246e-38	2.196872e-09	2.196796e-13	-7.451136e-05	4.369790e-08	-1.013110e-13	2.406132e-13	1.636289e+01	2.097967e-07	1.295972e-13	2.614000e-13	
1.460000e+00	1.488285e-24	1.652329e-38	7.480842e-11	7.480712e-15	-7.049617e-05	4.914529e-08	-3.777456e-12	8.971451e-12	1.840269e+01	1.985318e-07	2.631705e-12	5.467260e-12	
1.470000e+00	7.572149e-25	8.406774e-39	3.435072e-09	3.434925e-13	-6.663018e-05	5.530111e-08	-6.556653e-14	1.557204e-13	2.070777e+01	1.875617e-07	3.968244e-14	8.448293e-14	
1.480000e+00	3.835534e-25	4.258298e-39	3.033070e-09	3.032964e-13	-6.291402e-05	6.226132e-08	-5.252296e-14	1.247420e-13	2.331406e+01	1.771558e-07	3.113398e-14	6.763777e-14	
1.490000e+00	1.934214e-25	2.147409e-39	2.675780e-09	2.675728e-13	-5.934760e-05	7.013542e-08	-4.194893e-14	9.962867e-14	2.626255e+01	1.670402e-07	2.444546e-14	5.399784e-14	
1.500000e+00	9.710773e-26	1.078112e-39	2.358825e-09	2.358713e-13	-5.593016e-05	7.904836e-08	-3.340610e-14	7.933946e-14	2.960005e+01	1.575106e-07	1.919466e-14	4.298121e-14	
