qt_to_Q	unpol_bn	err	unpol_rc	err	sivers_bn	err	sivers_rc	err	collins_bn	err	collins_rc	err
1.000000e-02	8.197206e-02	9.100727e-16	7.330088e-02	8.865855e-07	1.836397e-06	6.012975e-10	2.058537e-06	7.183858e-10	2.135893e-07	5.169834e-09	2.394269e-07	5.794743e-09	
2.000000e-02	8.175793e-02	9.076954e-16	7.311464e-02	8.832420e-07	3.671268e-06	1.203238e-09	4.114951e-06	1.436663e-09	4.274070e-07	1.033537e-08	4.790763e-07	1.158284e-08	
3.000000e-02	8.140230e-02	9.037471e-16	7.280536e-02	8.790090e-07	5.503088e-06	1.806466e-09	6.167502e-06	2.156570e-09	6.416821e-07	1.549232e-08	7.191689e-07	1.735864e-08	
4.000000e-02	8.090701e-02	8.982483e-16	7.237464e-02	8.725417e-07	7.330337e-06	2.411628e-09	8.216708e-06	2.878045e-09	8.566441e-07	2.063640e-08	9.599265e-07	2.311651e-08	
5.000000e-02	8.027464e-02	8.912275e-16	7.182472e-02	8.637373e-07	9.151498e-06	3.019374e-09	1.025251e-05	3.597867e-09	1.072524e-06	2.576334e-08	1.201571e-06	2.885079e-08	
6.000000e-02	7.950846e-02	8.827212e-16	7.115825e-02	8.540227e-07	1.096506e-05	3.630359e-09	1.228100e-05	4.322148e-09	1.289554e-06	3.086890e-08	1.444327e-06	3.455596e-08	
7.000000e-02	7.861241e-02	8.727730e-16	7.037864e-02	8.419462e-07	1.276953e-05	4.245242e-09	1.429745e-05	5.048044e-09	1.507969e-06	3.594884e-08	1.688420e-06	4.022643e-08	
8.000000e-02	7.759105e-02	8.614337e-16	6.948976e-02	8.285839e-07	1.456341e-05	4.864690e-09	1.629994e-05	5.777597e-09	1.728006e-06	4.099899e-08	1.934078e-06	4.585671e-08	
9.000000e-02	7.644957e-02	8.487607e-16	6.849608e-02	8.136175e-07	1.634523e-05	5.489378e-09	1.828651e-05	6.508815e-09	1.949904e-06	4.601516e-08	2.181526e-06	5.144128e-08	
1.000000e-01	7.519367e-02	8.348174e-16	6.740255e-02	7.969687e-07	1.811352e-05	6.119990e-09	2.025529e-05	7.244568e-09	2.173906e-06	5.099325e-08	2.430992e-06	5.697466e-08	
1.100000e-01	7.382959e-02	8.196731e-16	6.621432e-02	7.790811e-07	1.986682e-05	6.757221e-09	2.220414e-05	7.984040e-09	2.400259e-06	5.592917e-08	2.682715e-06	6.245160e-08	
1.200000e-01	7.236400e-02	8.034018e-16	6.493713e-02	7.597702e-07	2.160372e-05	7.401776e-09	2.413165e-05	8.727643e-09	2.629214e-06	6.081888e-08	2.936928e-06	6.786676e-08	
1.300000e-01	7.080398e-02	7.860821e-16	6.357714e-02	7.395825e-07	2.332279e-05	8.054374e-09	2.603552e-05	9.476960e-09	2.861026e-06	6.565842e-08	3.193863e-06	7.321481e-08	
1.400000e-01	6.915696e-02	7.677965e-16	6.214070e-02	7.181628e-07	2.502264e-05	8.715749e-09	2.791397e-05	1.023243e-08	3.095956e-06	7.044384e-08	3.453760e-06	7.849050e-08	
1.500000e-01	6.743062e-02	7.486303e-16	6.063430e-02	6.957014e-07	2.670189e-05	9.386648e-09	2.976534e-05	1.099304e-08	3.334269e-06	7.517129e-08	3.716867e-06	8.368887e-08	
1.600000e-01	6.563291e-02	7.286716e-16	5.906480e-02	6.724819e-07	2.835921e-05	1.006784e-08	3.158773e-05	1.176119e-08	3.576237e-06	7.983697e-08	3.983426e-06	8.880479e-08	
1.700000e-01	6.377190e-02	7.080103e-16	5.743910e-02	6.484893e-07	2.999326e-05	1.076010e-08	3.337977e-05	1.253687e-08	3.822138e-06	8.443715e-08	4.253689e-06	9.383337e-08	
1.800000e-01	6.185579e-02	6.867372e-16	5.576424e-02	6.239180e-07	3.160274e-05	1.146424e-08	3.511074e-05	1.329958e-08	4.072259e-06	8.896817e-08	4.527907e-06	9.876971e-08	
1.900000e-01	5.989282e-02	6.649439e-16	5.404733e-02	5.987855e-07	3.318638e-05	1.218109e-08	3.680636e-05	1.407074e-08	4.326892e-06	9.342645e-08	4.806335e-06	1.036090e-07	
2.000000e-01	5.789121e-02	6.427216e-16	5.229539e-02	5.733738e-07	3.474294e-05	1.291148e-08	3.849484e-05	1.487346e-08	4.586338e-06	9.780849e-08	5.089236e-06	1.083466e-07	
2.100000e-01	5.585912e-02	6.201608e-16	5.051548e-02	5.477064e-07	3.627121e-05	1.365629e-08	4.014597e-05	1.568449e-08	4.850907e-06	1.021109e-07	5.376873e-06	1.129780e-07	
2.200000e-01	5.380456e-02	5.973506e-16	4.871447e-02	5.218082e-07	3.777001e-05	1.441643e-08	4.174762e-05	1.650028e-08	5.120917e-06	1.063303e-07	5.669517e-06	1.174987e-07	
2.300000e-01	5.173541e-02	5.743784e-16	4.689926e-02	4.958915e-07	3.923818e-05	1.519281e-08	4.332020e-05	1.733567e-08	5.396698e-06	1.104635e-07	5.967428e-06	1.219040e-07	
2.400000e-01	4.965929e-02	5.513288e-16	4.507626e-02	4.701378e-07	4.067461e-05	1.598639e-08	4.486983e-05	1.819659e-08	5.678589e-06	1.145074e-07	6.270903e-06	1.261903e-07	
2.500000e-01	4.758357e-02	5.282837e-16	4.325201e-02	4.445109e-07	4.207823e-05	1.679816e-08	4.640253e-05	1.908876e-08	5.966940e-06	1.184588e-07	6.580203e-06	1.303528e-07	
2.600000e-01	4.551531e-02	5.053215e-16	4.143255e-02	4.191534e-07	4.344798e-05	1.762913e-08	4.783347e-05	1.995628e-08	6.262115e-06	1.223149e-07	6.895627e-06	1.343879e-07	
2.700000e-01	4.346125e-02	4.825168e-16	3.962381e-02	3.940701e-07	4.478286e-05	1.848037e-08	4.922737e-05	2.084741e-08	6.564487e-06	1.260729e-07	7.217446e-06	1.382914e-07	
2.800000e-01	4.142773e-02	4.599402e-16	3.783122e-02	3.695113e-07	4.608191e-05	1.935297e-08	5.057386e-05	2.175344e-08	6.874445e-06	1.297300e-07	7.545971e-06	1.420598e-07	
2.900000e-01	3.942071e-02	4.376578e-16	3.605997e-02	3.454873e-07	4.734419e-05	2.024806e-08	5.189146e-05	2.269085e-08	7.192392e-06	1.332836e-07	7.881504e-06	1.456895e-07	
3.000000e-01	3.744573e-02	4.157311e-16	3.431500e-02	3.220003e-07	4.856881e-05	2.116681e-08	5.311992e-05	2.362010e-08	7.518746e-06	1.367311e-07	8.224323e-06	1.491766e-07	
3.100000e-01	3.550788e-02	3.942167e-16	3.260074e-02	2.991724e-07	4.975493e-05	2.211044e-08	5.431506e-05	2.458120e-08	7.853938e-06	1.400703e-07	8.574743e-06	1.525179e-07	
3.200000e-01	3.361181e-02	3.731661e-16	3.092131e-02	2.770549e-07	5.090174e-05	2.308023e-08	5.545794e-05	2.556271e-08	8.198420e-06	1.432988e-07	8.933064e-06	1.557101e-07	
3.300000e-01	3.176172e-02	3.526259e-16	2.928040e-02	2.557116e-07	5.200848e-05	2.407748e-08	5.654637e-05	2.656540e-08	8.552659e-06	1.464145e-07	9.299601e-06	1.587500e-07	
3.400000e-01	2.996133e-02	3.326376e-16	2.768133e-02	2.351486e-07	5.307442e-05	2.510357e-08	5.758021e-05	2.759091e-08	8.917141e-06	1.494154e-07	9.674660e-06	1.616346e-07	
3.500000e-01	2.821392e-02	3.132374e-16	2.612703e-02	2.154127e-07	5.409889e-05	2.615993e-08	5.855601e-05	2.863845e-08	9.292371e-06	1.522994e-07	1.005856e-05	1.643612e-07	
3.600000e-01	2.652229e-02	2.944566e-16	2.462006e-02	1.965474e-07	5.508126e-05	2.724802e-08	5.947811e-05	2.971263e-08	9.678878e-06	1.550650e-07	1.045160e-05	1.669267e-07	
3.700000e-01	2.488882e-02	2.763214e-16	2.316253e-02	1.785631e-07	5.602093e-05	2.836940e-08	6.034027e-05	3.081187e-08	1.007721e-05	1.577104e-07	1.085411e-05	1.693289e-07	
3.800000e-01	2.331541e-02	2.588530e-16	2.175627e-02	1.614723e-07	5.691736e-05	2.952568e-08	6.114497e-05	3.193868e-08	1.048793e-05	1.602340e-07	1.126637e-05	1.715648e-07	
3.900000e-01	2.180357e-02	2.420683e-16	2.040267e-02	1.452887e-07	5.777007e-05	3.071853e-08	6.187610e-05	3.308435e-08	1.091165e-05	1.626346e-07	1.168871e-05	1.736325e-07	
4.000000e-01	2.035440e-02	2.259792e-16	1.910280e-02	1.300166e-07	5.857859e-05	3.194971e-08	6.259058e-05	3.428860e-08	1.134898e-05	1.649107e-07	1.212142e-05	1.755295e-07	
4.100000e-01	1.896859e-02	2.105937e-16	1.785738e-02	1.156466e-07	5.934253e-05	3.322104e-08	6.309304e-05	3.542036e-08	1.180058e-05	1.670614e-07	1.256480e-05	1.772539e-07	
4.200000e-01	1.764648e-02	1.959153e-16	1.666685e-02	1.021706e-07	6.006152e-05	3.453442e-08	6.373059e-05	3.671792e-08	1.226711e-05	1.690855e-07	1.301913e-05	1.788035e-07	
4.300000e-01	1.638807e-02	1.819442e-16	1.553130e-02	8.958443e-08	6.073526e-05	3.589185e-08	6.422712e-05	3.799410e-08	1.274929e-05	1.709822e-07	1.348468e-05	1.801766e-07	
4.400000e-01	1.519303e-02	1.686765e-16	1.445057e-02	7.786819e-08	6.136348e-05	3.729541e-08	6.465972e-05	3.930298e-08	1.324785e-05	1.727507e-07	1.396173e-05	1.813716e-07	
4.500000e-01	1.406072e-02	1.561054e-16	1.342424e-02	6.700107e-08	6.194596e-05	3.874727e-08	6.503326e-05	4.064955e-08	1.376357e-05	1.743906e-07	1.445052e-05	1.823868e-07	
4.600000e-01	1.299027e-02	1.442210e-16	1.245165e-02	5.695863e-08	6.248254e-05	4.024971e-08	6.534065e-05	4.202987e-08	1.429726e-05	1.759011e-07	1.495127e-05	1.832207e-07	
4.700000e-01	1.198053e-02	1.330106e-16	1.153194e-02	4.771486e-08	6.297309e-05	4.180510e-08	6.557865e-05	4.344286e-08	1.484975e-05	1.772821e-07	1.546418e-05	1.838721e-07	
4.800000e-01	1.103015e-02	1.224592e-16	1.066402e-02	3.923979e-08	6.341753e-05	4.341592e-08	6.575097e-05	4.489201e-08	1.542194e-05	1.785333e-07	1.598943e-05	1.843398e-07	
4.900000e-01	1.013758e-02	1.125498e-16	9.846683e-03	3.150541e-08	6.381584e-05	4.508478e-08	6.585762e-05	4.637829e-08	1.601475e-05	1.796546e-07	1.652716e-05	1.846227e-07	
5.000000e-01	9.301127e-03	1.032633e-16	9.078525e-03	2.447577e-08	6.416802e-05	4.681441e-08	6.589797e-05	4.790194e-08	1.662913e-05	1.806461e-07	1.707746e-05	1.847198e-07	
5.100000e-01	8.518928e-03	9.457910e-17	8.358038e-03	1.811799e-08	6.447415e-05	4.860766e-08	6.587172e-05	4.946332e-08	1.726612e-05	1.815079e-07	1.764041e-05	1.846304e-07	
5.200000e-01	7.789019e-03	8.647548e-17	7.683600e-03	1.239673e-08	6.473433e-05	5.046751e-08	6.577872e-05	5.106265e-08	1.792676e-05	1.822404e-07	1.821600e-05	1.843538e-07	
5.300000e-01	7.109340e-03	7.892953e-17	7.053503e-03	7.276444e-09	6.494872e-05	5.239709e-08	6.564430e-05	5.272081e-08	1.861218e-05	1.828439e-07	1.880418e-05	1.838894e-07	
5.400000e-01	6.477758e-03	7.191756e-17	6.465970e-03	2.720922e-09	6.511750e-05	5.439969e-08	6.539153e-05	5.437489e-08	1.932353e-05	1.833191e-07	1.940485e-05	1.832369e-07	
5.500000e-01	5.892090e-03	6.541534e-17	5.919171e-03	1.613336e-09	6.524093e-05	5.647875e-08	6.509702e-05	5.608709e-08	2.006204e-05	1.836666e-07	2.001779e-05	1.823960e-07	
5.600000e-01	5.350119e-03	5.939826e-17	5.411240e-03	4.838845e-09	6.531928e-05	5.863787e-08	6.473518e-05	5.783586e-08	2.082899e-05	1.838871e-07	2.064273e-05	1.813665e-07	
5.700000e-01	4.849615e-03	5.384155e-17	4.940293e-03	7.913892e-09	6.535289e-05	6.088083e-08	6.430603e-05	5.962020e-08	2.162572e-05	1.839818e-07	2.127930e-05	1.801486e-07	
5.800000e-01	4.388348e-03	4.872045e-17	4.504437e-03	1.056496e-08	6.534213e-05	6.321160e-08	6.380968e-05	6.143883e-08	2.245364e-05	1.839515e-07	2.192700e-05	1.787425e-07	
5.900000e-01	3.964105e-03	4.401041e-17	4.101791e-03	1.282581e-08	6.528741e-05	6.563434e-08	6.324593e-05	6.328973e-08	2.331423e-05	1.837974e-07	2.258522e-05	1.771485e-07	
6.000000e-01	3.574701e-03	3.968716e-17	3.730485e-03	1.472822e-08	6.518918e-05	6.815342e-08	6.261542e-05	6.517122e-08	2.420905e-05	1.835209e-07	2.325324e-05	1.753673e-07	
6.100000e-01	3.217993e-03	3.572690e-17	3.388687e-03	1.630414e-08	6.504794e-05	7.077343e-08	6.191826e-05	6.708056e-08	2.513971e-05	1.831232e-07	2.393013e-05	1.733997e-07	
6.200000e-01	2.891889e-03	3.210642e-17	3.074595e-03	1.758318e-08	6.486421e-05	7.349918e-08	6.115486e-05	6.901478e-08	2.610794e-05	1.826060e-07	2.461485e-05	1.712468e-07	
6.300000e-01	2.594356e-03	2.880314e-17	2.786458e-03	1.859356e-08	6.463857e-05	7.633573e-08	6.036460e-05	7.101397e-08	2.711552e-05	1.819708e-07	2.530613e-05	1.689098e-07	
6.400000e-01	2.323428e-03	2.579524e-17	2.522571e-03	1.936235e-08	6.437163e-05	7.928839e-08	5.943053e-05	7.294185e-08	2.816434e-05	1.812193e-07	2.600254e-05	1.663906e-07	
6.500000e-01	2.077213e-03	2.306169e-17	2.281295e-03	1.991470e-08	6.406403e-05	8.236273e-08	5.847186e-05	7.492682e-08	2.925639e-05	1.803533e-07	2.670241e-05	1.636909e-07	
6.600000e-01	1.853894e-03	2.058236e-17	2.061047e-03	2.027473e-08	6.371644e-05	8.556463e-08	5.744217e-05	7.690911e-08	3.039375e-05	1.793748e-07	2.740383e-05	1.608133e-07	
6.700000e-01	1.651740e-03	1.833799e-17	1.860314e-03	2.046473e-08	6.332960e-05	8.890025e-08	5.636350e-05	7.890933e-08	3.157861e-05	1.782858e-07	2.810464e-05	1.577604e-07	
6.800000e-01	1.469100e-03	1.631028e-17	1.677650e-03	2.050625e-08	6.290423e-05	9.237605e-08	5.521270e-05	8.088894e-08	3.281327e-05	1.770883e-07	2.880241e-05	1.545355e-07	
6.900000e-01	1.304410e-03	1.448186e-17	1.511679e-03	2.041735e-08	6.244111e-05	9.599887e-08	5.400799e-05	8.286256e-08	3.410014e-05	1.757845e-07	2.949442e-05	1.511424e-07	
7.000000e-01	1.156194e-03	1.283634e-17	1.361099e-03	2.021596e-08	6.194107e-05	9.977585e-08	5.274208e-05	8.480914e-08	3.544178e-05	1.743768e-07	3.017767e-05	1.475856e-07	
7.100000e-01	1.023061e-03	1.135826e-17	1.224676e-03	1.991830e-08	6.140493e-05	1.037145e-07	5.141923e-05	8.672242e-08	3.684085e-05	1.728674e-07	3.084882e-05	1.438701e-07	
7.200000e-01	9.037047e-04	1.003314e-17	1.101252e-03	1.954035e-08	6.083357e-05	1.078228e-07	5.004098e-05	8.859087e-08	3.830018e-05	1.712589e-07	3.150424e-05	1.400016e-07	
7.300000e-01	7.969045e-04	8.847417e-18	9.897399e-04	1.909429e-08	6.022788e-05	1.121091e-07	4.860986e-05	9.040321e-08	3.982273e-05	1.695538e-07	3.213988e-05	1.359866e-07	
7.400000e-01	7.015216e-04	7.788455e-18	8.891182e-04	1.859264e-08	5.958877e-05	1.165822e-07	4.712490e-05	9.213976e-08	4.141161e-05	1.677546e-07	3.275152e-05	1.318326e-07	
7.500000e-01	6.164975e-04	6.844497e-18	7.984374e-04	1.804771e-08	5.891720e-05	1.212512e-07	4.572731e-05	9.405881e-08	4.307011e-05	1.658640e-07	3.333450e-05	1.275479e-07	
7.600000e-01	5.408507e-04	6.004649e-18	7.168142e-04	1.746750e-08	5.821413e-05	1.261259e-07	4.402788e-05	9.537269e-08	4.480168e-05	1.638847e-07	3.388382e-05	1.231415e-07	
7.700000e-01	4.736742e-04	5.258840e-18	6.434143e-04	1.686105e-08	5.748056e-05	1.312166e-07	4.241744e-05	9.683034e-08	4.660996e-05	1.618195e-07	3.439495e-05	1.186261e-07	
7.800000e-01	4.141319e-04	4.597787e-18	5.774901e-04	1.623725e-08	5.671749e-05	1.365340e-07	4.080511e-05	9.823971e-08	4.849877e-05	1.596713e-07	3.486194e-05	1.140111e-07	
7.900000e-01	3.614553e-04	4.012960e-18	5.183365e-04	1.560233e-08	5.592595e-05	1.420895e-07	3.951970e-05	1.003972e-07	5.047216e-05	1.574430e-07	3.527939e-05	1.093097e-07	
8.000000e-01	3.149401e-04	3.496537e-18	4.653060e-04	1.496153e-08	5.510700e-05	1.478950e-07	3.738558e-05	1.003681e-07	5.253438e-05	1.551375e-07	3.564174e-05	1.045361e-07	
8.100000e-01	2.739423e-04	3.041370e-18	4.178039e-04	1.432120e-08	5.426169e-05	1.539633e-07	3.594719e-05	1.020121e-07	5.468990e-05	1.527577e-07	3.594343e-05	9.970552e-08	
8.200000e-01	2.378748e-04	2.640941e-18	3.752866e-04	1.368492e-08	5.339110e-05	1.603074e-07	3.394785e-05	1.019638e-07	5.694344e-05	1.503069e-07	3.617883e-05	9.483411e-08	
8.300000e-01	2.062037e-04	2.289321e-18	3.372544e-04	1.305565e-08	5.249634e-05	1.669416e-07	3.259635e-05	1.036592e-07	5.929998e-05	1.477879e-07	3.634281e-05	8.993966e-08	
8.400000e-01	1.784447e-04	1.981134e-18	3.032567e-04	1.243873e-08	5.157850e-05	1.738805e-07	3.042148e-05	1.025789e-07	6.176477e-05	1.452040e-07	3.642997e-05	8.503958e-08	
8.500000e-01	1.541595e-04	1.711514e-18	2.728770e-04	1.183515e-08	5.063870e-05	1.811396e-07	2.860841e-05	1.023484e-07	6.434332e-05	1.425583e-07	3.643605e-05	8.015387e-08	
8.600000e-01	1.329526e-04	1.476070e-18	2.457405e-04	1.124732e-08	4.967806e-05	1.887355e-07	2.694169e-05	1.023466e-07	6.704148e-05	1.398539e-07	3.635699e-05	7.530210e-08	
8.700000e-01	1.144679e-04	1.270849e-18	2.215072e-04	1.067687e-08	4.869773e-05	1.966853e-07	2.522651e-05	1.018551e-07	6.986538e-05	1.370941e-07	3.618945e-05	7.050434e-08	
8.800000e-01	9.838565e-05	1.092300e-18	1.998616e-04	1.012428e-08	4.769883e-05	2.050075e-07	2.353943e-05	1.011134e-07	7.282153e-05	1.342820e-07	3.593236e-05	6.578342e-08	
8.900000e-01	8.441915e-05	9.372409e-19	1.805384e-04	9.591912e-09	4.668252e-05	2.137212e-07	2.189779e-05	1.001641e-07	7.591675e-05	1.314209e-07	3.558216e-05	6.115545e-08	
9.000000e-01	7.231227e-05	8.028275e-19	1.632950e-04	9.080851e-09	4.564995e-05	2.228467e-07	2.036813e-05	9.930533e-08	7.915828e-05	1.285140e-07	3.513649e-05	5.663717e-08	
9.100000e-01	6.183656e-05	6.865237e-19	1.478814e-04	8.589554e-09	4.460226e-05	2.324056e-07	1.880415e-05	9.782327e-08	8.255372e-05	1.255645e-07	3.460118e-05	5.225588e-08	
9.200000e-01	5.278875e-05	5.860728e-19	1.341136e-04	8.119863e-09	4.354061e-05	2.424205e-07	1.720245e-05	9.559068e-08	8.611113e-05	1.225757e-07	3.397426e-05	4.802291e-08	
9.300000e-01	4.498841e-05	4.994717e-19	1.218018e-04	7.670656e-09	4.246615e-05	2.529152e-07	1.574430e-05	9.354670e-08	8.983900e-05	1.195509e-07	3.326089e-05	4.395739e-08	
9.400000e-01	3.827575e-05	4.249461e-19	1.107884e-04	7.242186e-09	4.138003e-05	2.639150e-07	1.434949e-05	9.126404e-08	9.374628e-05	1.164933e-07	3.246422e-05	4.007190e-08	
9.500000e-01	3.250955e-05	3.609285e-19	1.009279e-04	6.834132e-09	4.028340e-05	2.754465e-07	1.302014e-05	8.874170e-08	9.784245e-05	1.134060e-07	3.158988e-05	3.637885e-08	
9.600000e-01	2.756531e-05	3.060364e-19	9.209138e-05	6.446064e-09	3.917741e-05	2.875380e-07	1.177951e-05	8.613791e-08	1.021375e-04	1.102924e-07	3.064432e-05	3.288802e-08	
9.700000e-01	2.333352e-05	2.590541e-19	8.416464e-05	6.077530e-09	3.806318e-05	3.002191e-07	1.058303e-05	8.313066e-08	1.066420e-04	1.071557e-07	2.963461e-05	2.960647e-08	
9.800000e-01	1.971802e-05	2.189139e-19	7.704463e-05	5.727720e-09	3.694185e-05	3.135212e-07	9.472639e-06	8.002883e-08	1.113671e-04	1.039989e-07	2.856918e-05	2.653930e-08	
9.900000e-01	1.663461e-05	1.846812e-19	7.064227e-05	5.396693e-09	3.581455e-05	3.274775e-07	8.447263e-06	7.685574e-08	1.163246e-04	1.008253e-07	2.745611e-05	2.368820e-08	
1.000000e+00	1.400969e-05	1.555389e-19	6.487473e-05	5.083198e-09	3.468238e-05	3.421232e-07	7.506547e-06	7.364904e-08	1.215269e-04	9.763801e-08	2.630540e-05	2.105376e-08	
1.010000e+00	1.177910e-05	1.307743e-19	5.967350e-05	4.786608e-09	3.354645e-05	3.574952e-07	6.655106e-06	7.051019e-08	1.269873e-04	9.444010e-08	2.512522e-05	1.863244e-08	
1.020000e+00	9.886979e-06	1.097675e-19	5.497417e-05	4.506387e-09	3.240785e-05	3.736328e-07	5.849782e-06	6.702511e-08	1.327196e-04	9.123471e-08	2.392535e-05	1.641998e-08	
1.030000e+00	8.284828e-06	9.198007e-20	5.072139e-05	4.241596e-09	3.126766e-05	3.905773e-07	5.114790e-06	6.347177e-08	1.387385e-04	8.802486e-08	2.271472e-05	1.440960e-08	
1.040000e+00	6.930625e-06	7.694539e-20	4.686579e-05	3.991799e-09	3.012693e-05	4.083726e-07	4.435870e-06	5.971297e-08	1.450597e-04	8.481345e-08	2.150209e-05	1.259305e-08	
1.050000e+00	5.788031e-06	6.426006e-20	4.336356e-05	3.756184e-09	2.898672e-05	4.270650e-07	3.881964e-06	5.677888e-08	1.516995e-04	8.160355e-08	2.029585e-05	1.096079e-08	
1.060000e+00	4.825691e-06	5.357593e-20	4.017583e-05	3.533792e-09	2.784806e-05	4.467035e-07	3.352168e-06	5.336475e-08	1.586753e-04	7.839796e-08	1.910385e-05	9.502224e-09	
1.070000e+00	4.016602e-06	4.459324e-20	3.727176e-05	3.324536e-09	2.671196e-05	4.673399e-07	2.892265e-06	5.020436e-08	1.660057e-04	7.519962e-08	1.793156e-05	8.205268e-09	
1.080000e+00	3.337562e-06	3.705438e-20	3.461760e-05	3.127146e-09	2.557941e-05	4.890291e-07	2.475934e-06	4.695061e-08	1.737100e-04	7.201127e-08	1.678700e-05	7.058923e-09	
1.090000e+00	2.768674e-06	3.073846e-20	3.218855e-05	2.941299e-09	2.445141e-05	5.118290e-07	2.108189e-06	4.376017e-08	1.818088e-04	6.883572e-08	1.567475e-05	6.050774e-09	
1.100000e+00	2.292909e-06	2.545640e-20	2.996160e-05	2.766265e-09	2.332889e-05	5.358011e-07	1.789782e-06	4.075268e-08	1.903240e-04	6.567560e-08	1.459925e-05	5.168728e-09	
1.110000e+00	1.895722e-06	2.104674e-20	2.791585e-05	2.601488e-09	2.221280e-05	5.610104e-07	1.511966e-06	3.784966e-08	1.992787e-04	6.253358e-08	1.356436e-05	4.401061e-09	
1.120000e+00	1.564719e-06	1.737187e-20	2.603326e-05	2.446464e-09	2.110405e-05	5.875257e-07	1.271514e-06	3.507900e-08	2.086973e-04	5.941223e-08	1.257299e-05	3.736360e-09	
1.130000e+00	1.289354e-06	1.431470e-20	2.429741e-05	2.300503e-09	2.000353e-05	6.154197e-07	1.064072e-06	3.243543e-08	2.186057e-04	5.631401e-08	1.162752e-05	3.163781e-09	
1.140000e+00	1.060676e-06	1.177587e-20	2.269312e-05	2.162970e-09	1.891210e-05	6.447697e-07	8.864188e-07	2.993726e-08	2.290312e-04	5.324145e-08	1.072992e-05	2.673166e-09	
1.150000e+00	8.711018e-07	9.671173e-21	2.121255e-05	2.033925e-09	1.783061e-05	6.756573e-07	7.342192e-07	2.755646e-08	2.400029e-04	5.019680e-08	9.878818e-06	2.254408e-09	
1.160000e+00	7.142186e-07	7.929419e-21	1.983942e-05	1.912299e-09	1.675988e-05	7.081691e-07	6.049790e-07	2.531495e-08	2.515515e-04	4.718251e-08	9.076973e-06	1.899250e-09	
1.170000e+00	5.846151e-07	6.490531e-21	1.856604e-05	1.797993e-09	1.570069e-05	7.423966e-07	4.957883e-07	2.321243e-08	2.637096e-04	4.420064e-08	8.323156e-06	1.599354e-09	
1.180000e+00	4.777341e-07	5.303914e-21	1.738310e-05	1.690393e-09	1.465381e-05	7.784370e-07	4.040307e-07	2.124874e-08	2.765117e-04	4.125346e-08	7.616987e-06	1.347369e-09	
1.190000e+00	3.897448e-07	4.327037e-21	1.628237e-05	1.589158e-09	1.361999e-05	8.163931e-07	3.271948e-07	1.941402e-08	2.899942e-04	3.834304e-08	6.957642e-06	1.136671e-09	
1.200000e+00	3.174337e-07	3.524222e-21	1.525770e-05	1.493929e-09	1.259992e-05	8.563740e-07	2.629278e-07	1.768721e-08	3.041960e-04	3.547134e-08	6.343470e-06	9.611994e-10	
1.210000e+00	2.581100e-07	2.865597e-21	1.430242e-05	1.404297e-09	1.159429e-05	8.984953e-07	2.100844e-07	1.611138e-08	3.191581e-04	3.264029e-08	5.773112e-06	8.156413e-10	
1.220000e+00	2.095254e-07	2.326199e-21	1.341123e-05	1.320091e-09	1.060376e-05	9.428793e-07	1.663735e-07	1.463813e-08	3.349239e-04	2.985173e-08	5.244718e-06	6.952868e-10	
1.230000e+00	1.698043e-07	1.885207e-21	1.257891e-05	1.240836e-09	9.628958e-06	9.896561e-07	1.305082e-07	1.327033e-08	3.515397e-04	2.710748e-08	4.756500e-06	5.959485e-10	
1.240000e+00	1.373859e-07	1.525290e-21	1.180062e-05	1.166273e-09	8.670470e-06	1.038963e-06	1.013675e-07	1.201496e-08	3.690543e-04	2.440918e-08	4.306596e-06	5.140315e-10	
1.250000e+00	1.109729e-07	1.232047e-21	1.107264e-05	1.096119e-09	7.728868e-06	1.090947e-06	7.790271e-08	1.087483e-08	3.875196e-04	2.175834e-08	3.892829e-06	4.463808e-10	
1.260000e+00	8.949000e-08	9.935386e-22	1.039094e-05	1.030060e-09	6.804689e-06	1.145762e-06	5.935633e-08	9.881769e-09	4.069906e-04	1.915655e-08	3.513249e-06	3.903512e-10	
1.270000e+00	7.204684e-08	7.998806e-22	9.753206e-06	9.680511e-10	5.898441e-06	1.203572e-06	4.374496e-08	8.823035e-09	4.275258e-04	1.660529e-08	3.165436e-06	3.437159e-10	
1.280000e+00	5.790807e-08	6.429087e-22	9.154905e-06	9.096344e-10	5.010600e-06	1.264553e-06	3.183196e-08	7.937744e-09	4.491869e-04	1.410585e-08	2.847836e-06	3.046852e-10	
1.290000e+00	4.646731e-08	5.158908e-22	8.593848e-06	8.547266e-10	4.141614e-06	1.328888e-06	2.267127e-08	7.183593e-09	4.720397e-04	1.165952e-08	2.558231e-06	2.717905e-10	
1.300000e+00	3.722554e-08	4.132865e-22	8.067589e-06	8.029950e-10	3.291900e-06	1.396775e-06	1.532936e-08	6.417752e-09	4.961538e-04	9.267430e-09	2.294636e-06	2.438271e-10	
1.310000e+00	2.977283e-08	3.305448e-22	7.573736e-06	7.543662e-10	2.461845e-06	1.468420e-06	9.741602e-09	5.724928e-09	5.216034e-04	6.930602e-09	2.055177e-06	2.199232e-10	
1.320000e+00	2.377308e-08	2.639342e-22	3.567027e-06	3.542939e-10	1.651804e-06	1.544046e-06	1.111255e-08	1.020444e-08	5.484668e-04	4.650146e-09	3.663759e-06	3.962530e-10	
1.330000e+00	1.895124e-08	2.104011e-22	3.346888e-06	3.327676e-10	8.621033e-07	1.623888e-06	4.969756e-09	9.118630e-09	5.768275e-04	2.426984e-09	3.273697e-06	3.613313e-10	
1.340000e+00	1.508265e-08	1.674510e-22	1.447887e-06	1.432559e-10	9.303919e-08	1.708193e-06	1.134931e-09	1.765354e-08	6.067740e-04	2.619248e-10	6.335254e-06	7.148198e-10	
1.350000e+00	1.198411e-08	1.330503e-22	1.356632e-06	1.344576e-10	-6.551228e-07	1.797227e-06	-5.644558e-09	1.575654e-08	6.384003e-04	1.844282e-09	5.652350e-06	6.595755e-10	
1.360000e+00	9.506544e-09	1.055438e-22	1.271177e-06	1.261594e-10	-1.382147e-06	1.891272e-06	-6.593528e-07	9.065575e-07	6.718062e-04	3.891058e-09	5.035597e-06	6.114042e-10	
1.370000e+00	7.528859e-09	8.358712e-23	1.191250e-06	1.183641e-10	-2.087827e-06	1.990625e-06	-9.076590e-07	8.665825e-07	7.070976e-04	5.877685e-09	4.479130e-06	5.694394e-10	
1.380000e+00	5.952862e-09	6.609004e-23	1.116391e-06	1.110307e-10	-2.771985e-06	2.095603e-06	-1.086663e-06	8.215744e-07	7.443874e-04	7.803655e-09	3.978270e-06	5.329535e-10	
1.390000e+00	4.699085e-09	5.217032e-23	1.046247e-06	1.041343e-10	-3.434475e-06	2.206543e-06	-1.200617e-06	7.711191e-07	7.837950e-04	9.668708e-09	3.528294e-06	5.012681e-10	
1.400000e+00	3.703329e-09	4.111521e-23	9.804629e-07	9.765050e-11	-4.075177e-06	2.323804e-06	-1.259493e-06	7.180730e-07	8.254477e-04	1.147242e-08	3.124863e-06	4.737693e-10	
1.410000e+00	2.913824e-09	3.234994e-23	9.185747e-07	9.156410e-11	-4.694000e-06	2.447766e-06	-1.269973e-06	6.624578e-07	8.694806e-04	1.321457e-08	2.764304e-06	4.499847e-10	
1.420000e+00	2.288901e-09	2.541191e-23	8.609561e-07	8.585154e-11	-5.290882e-06	2.578832e-06	-2.008054e-06	9.798580e-07	9.160373e-04	1.489506e-08	2.440804e-06	4.289124e-10	
1.430000e+00	1.795082e-09	1.992941e-23	8.067402e-07	8.049319e-11	-5.865788e-06	2.717434e-06	-1.969905e-06	9.146634e-07	9.652705e-04	1.651354e-08	2.152630e-06	4.104502e-10	
1.440000e+00	1.405514e-09	1.560434e-23	7.559188e-07	7.544526e-11	-6.418710e-06	2.864027e-06	-1.885934e-06	8.446386e-07	1.017342e-03	1.806996e-08	1.895802e-06	3.939487e-10	
1.450000e+00	1.098705e-09	1.219807e-23	7.074369e-07	7.063269e-11	-6.949664e-06	3.019098e-06	-1.769716e-06	7.730689e-07	1.072426e-03	1.956473e-08	1.669251e-06	3.794828e-10	
1.460000e+00	8.574761e-10	9.519897e-24	6.659266e-07	6.648889e-11	-7.458697e-06	3.183163e-06	-1.631361e-06	7.016308e-07	1.130704e-03	2.099779e-08	1.459153e-06	3.640433e-10	
1.470000e+00	6.681268e-10	7.417697e-24	6.212944e-07	6.205225e-11	-7.945878e-06	3.356773e-06	-1.479675e-06	6.316441e-07	1.192373e-03	2.236925e-08	1.285062e-06	3.527809e-10	
1.480000e+00	5.197472e-10	5.770353e-24	8.473327e-09	7.952361e-13	-8.411300e-06	3.540510e-06	-1.321896e-06	5.640593e-07	1.257639e-03	2.367944e-08	7.731053e-05	2.325036e-08	
1.490000e+00	4.036663e-10	4.481597e-24	5.606310e-09	5.201539e-13	-8.855083e-06	3.734998e-06	-1.165534e-06	5.002902e-07	1.326724e-03	2.492891e-08	9.573347e-05	3.180015e-08	
1.500000e+00	3.130045e-10	3.475048e-24	5.099853e-07	5.096192e-11	-9.277368e-06	3.940899e-06	-1.015203e-06	4.408821e-07	1.399862e-03	2.611777e-08	8.610113e-07	3.181344e-10	
