qt_to_Q	unpol_bn	err	unpol_rc	err	sivers_bn	err	sivers_rc	err	collins_bn	err	collins_rc	err
1.000000e-02	1.017179e-02	1.129296e-16	7.822587e-03	1.346201e-07	1.065320e-04	1.672651e-18	1.248431e-04	2.140219e-08	-4.565225e-18	2.999094e-07	-2.013144e-11	3.512270e-07	
2.000000e-02	1.009794e-02	1.121096e-16	7.768048e-03	1.334117e-07	2.128446e-04	3.341857e-18	2.493579e-04	4.270036e-08	-9.126082e-18	5.992010e-07	-1.212155e-11	7.009163e-07	
3.000000e-02	9.976040e-03	1.107563e-16	7.678009e-03	1.314333e-07	3.187188e-04	5.004181e-18	3.732151e-04	6.371506e-08	-1.365017e-17	8.972587e-07	-4.020610e-12	1.048147e-06	
4.000000e-02	9.807851e-03	1.088890e-16	7.553737e-03	1.287073e-07	4.239373e-04	6.656208e-18	4.961212e-04	8.439820e-08	-1.816605e-17	1.193470e-06	4.057262e-12	1.392005e-06	
5.000000e-02	9.595773e-03	1.065345e-16	7.396954e-03	1.252860e-07	5.282844e-04	8.294554e-18	6.177131e-04	1.045113e-07	-2.267174e-17	1.487229e-06	1.199915e-11	1.731586e-06	
6.000000e-02	9.342789e-03	1.037258e-16	7.210096e-03	1.211622e-07	6.315471e-04	9.915874e-18	7.376491e-04	1.238375e-07	-2.706755e-17	1.777934e-06	1.969337e-11	2.065917e-06	
7.000000e-02	9.052402e-03	1.005018e-16	6.995104e-03	1.164648e-07	7.335157e-04	1.151687e-17	8.556257e-04	1.423755e-07	-3.145667e-17	2.064997e-06	2.703319e-11	2.394269e-06	
8.000000e-02	8.728547e-03	9.690634e-17	6.755132e-03	1.112868e-07	8.339840e-04	1.309432e-17	9.713504e-04	1.599851e-07	-3.578143e-17	2.347836e-06	3.391370e-11	2.715702e-06	
9.000000e-02	8.375508e-03	9.298682e-17	6.493037e-03	1.056635e-07	9.327506e-04	1.464505e-17	1.084478e-03	1.762779e-07	-4.000334e-17	2.625884e-06	4.023640e-11	3.029476e-06	
1.000000e-01	7.997823e-03	8.879367e-17	6.212631e-03	9.967055e-08	1.029619e-03	1.616597e-17	1.194734e-03	1.915849e-07	-4.415447e-17	2.898588e-06	4.590354e-11	3.334523e-06	
1.100000e-01	7.600182e-03	8.437897e-17	5.916857e-03	9.340801e-08	1.124398e-03	1.765408e-17	1.301795e-03	2.053526e-07	-4.823487e-17	3.165410e-06	5.082929e-11	3.630250e-06	
1.200000e-01	7.187339e-03	7.979550e-17	5.609428e-03	8.693464e-08	1.216902e-03	1.910649e-17	1.405404e-03	2.176674e-07	-5.215046e-17	3.425829e-06	5.492966e-11	3.915718e-06	
1.300000e-01	6.764016e-03	7.509566e-17	5.293673e-03	8.035041e-08	1.306954e-03	2.052039e-17	1.505295e-03	2.283984e-07	-5.603224e-17	3.679344e-06	5.813086e-11	4.190218e-06	
1.400000e-01	6.334813e-03	7.033055e-17	4.972960e-03	7.372439e-08	1.394383e-03	2.189310e-17	1.601041e-03	2.372560e-07	-5.979767e-17	3.925472e-06	6.036623e-11	4.452994e-06	
1.500000e-01	5.904132e-03	6.554903e-17	4.650512e-03	6.715395e-08	1.479024e-03	2.322204e-17	1.692574e-03	2.443383e-07	-6.336319e-17	4.163754e-06	6.157786e-11	4.703318e-06	
1.600000e-01	5.476106e-03	6.079698e-17	4.329363e-03	6.068287e-08	1.560722e-03	2.450477e-17	1.779473e-03	2.492978e-07	-6.686077e-17	4.393751e-06	6.171716e-11	4.940490e-06	
1.700000e-01	5.054540e-03	5.611666e-17	4.012321e-03	5.438616e-08	1.639330e-03	2.573899e-17	1.861501e-03	2.521778e-07	-7.031808e-17	4.615048e-06	6.074534e-11	5.163827e-06	
1.800000e-01	4.642864e-03	5.154614e-17	3.701927e-03	4.831962e-08	1.714710e-03	2.692253e-17	1.938471e-03	2.528905e-07	-7.344426e-17	4.827258e-06	5.863403e-11	5.372679e-06	
1.900000e-01	4.244097e-03	4.711894e-17	3.400440e-03	4.252103e-08	1.786732e-03	2.805335e-17	2.010113e-03	2.513028e-07	-7.655928e-17	5.030016e-06	5.536565e-11	5.566403e-06	
2.000000e-01	3.860827e-03	4.286379e-17	3.109802e-03	3.703683e-08	1.855278e-03	2.912958e-17	2.076237e-03	2.472657e-07	-7.955816e-17	5.222987e-06	5.093411e-11	5.744396e-06	
2.100000e-01	3.495196e-03	3.880448e-17	2.831646e-03	3.189182e-08	1.920237e-03	3.014949e-17	2.136520e-03	2.406402e-07	-8.236830e-17	5.405859e-06	4.534510e-11	5.906064e-06	
2.200000e-01	3.148906e-03	3.495988e-17	2.567283e-03	2.711493e-08	1.981509e-03	3.111153e-17	2.190799e-03	2.313677e-07	-8.485156e-17	5.578354e-06	3.861664e-11	6.050843e-06	
2.300000e-01	2.823225e-03	3.134409e-17	2.317712e-03	2.271407e-08	2.039006e-03	3.201428e-17	2.238821e-03	2.193909e-07	-8.737588e-17	5.740219e-06	3.077949e-11	6.178189e-06	
2.400000e-01	2.519008e-03	2.796661e-17	2.083639e-03	1.869938e-08	2.092648e-03	3.285651e-17	2.279526e-03	2.035243e-07	-8.967024e-17	5.891232e-06	2.187753e-11	6.287569e-06	
2.500000e-01	2.236725e-03	2.483264e-17	1.865483e-03	1.506916e-08	2.142366e-03	3.363713e-17	2.315416e-03	1.869758e-07	-9.190586e-17	6.031199e-06	1.196828e-11	6.378486e-06	
2.600000e-01	1.976494e-03	2.194349e-17	1.663408e-03	1.181931e-08	2.188103e-03	3.435525e-17	2.343574e-03	1.665071e-07	-9.379581e-17	6.159958e-06	1.123259e-12	6.450450e-06	
2.700000e-01	1.738117e-03	1.929698e-17	1.477349e-03	8.937550e-09	2.229812e-03	3.501011e-17	2.364709e-03	1.430496e-07	-9.568737e-17	6.277377e-06	-1.057160e-11	6.502986e-06	
2.800000e-01	1.521123e-03	1.688785e-17	1.307032e-03	6.409404e-09	2.267456e-03	3.560116e-17	2.378644e-03	1.166406e-07	-9.716512e-17	6.383353e-06	-2.301550e-11	6.535647e-06	
2.900000e-01	1.324805e-03	1.470828e-17	1.152009e-03	4.215483e-09	2.301010e-03	3.612799e-17	2.385209e-03	8.727746e-08	-9.867199e-17	6.477814e-06	-3.609245e-11	6.548008e-06	
3.000000e-01	1.148267e-03	1.274832e-17	1.011688e-03	2.334324e-09	2.330459e-03	3.659037e-17	2.384231e-03	5.501146e-08	-9.992112e-17	6.560720e-06	-4.967088e-11	6.539663e-06	
3.100000e-01	9.904625e-04	1.099634e-17	8.853611e-04	7.425828e-10	2.355799e-03	3.698823e-17	2.375558e-03	1.992666e-08	-1.010867e-16	6.632057e-06	-6.360347e-11	6.510239e-06	
3.200000e-01	8.502345e-04	9.439499e-18	7.722303e-04	5.844781e-10	2.377037e-03	3.732168e-17	2.359046e-03	1.785677e-08	-1.019155e-16	6.691845e-06	-7.772697e-11	6.459397e-06	
3.300000e-01	7.263499e-04	8.064104e-18	6.714367e-04	1.672030e-09	2.394189e-03	3.759098e-17	2.334569e-03	5.813362e-08	-1.025509e-16	6.740131e-06	-9.186236e-11	6.386848e-06	
3.400000e-01	6.175336e-04	6.856000e-18	5.820824e-04	2.545210e-09	2.407282e-03	3.779656e-17	2.302020e-03	1.006599e-07	-1.032237e-16	6.776992e-06	-1.058153e-10	6.292361e-06	
3.500000e-01	5.224972e-04	5.800884e-18	5.032523e-04	3.228710e-09	2.416354e-03	3.793899e-17	2.261327e-03	1.450798e-07	-1.034991e-16	6.802531e-06	-1.193770e-10	6.175790e-06	
3.600000e-01	4.399642e-04	4.884584e-18	4.340326e-04	3.746120e-09	2.421451e-03	3.801903e-17	2.212401e-03	1.909948e-07	-1.038390e-16	6.816881e-06	-1.323258e-10	6.037091e-06	
3.700000e-01	3.686904e-04	4.093285e-18	3.735258e-04	4.119956e-09	2.422631e-03	3.803754e-17	2.155420e-03	2.377312e-07	-1.038511e-16	6.820200e-06	-1.444300e-10	5.876363e-06	
3.800000e-01	3.074813e-04	3.413728e-18	3.208653e-04	4.371181e-09	2.419957e-03	3.799557e-17	2.082299e-03	2.905369e-07	-1.037880e-16	6.812674e-06	-1.554506e-10	5.693864e-06	
3.900000e-01	2.552051e-04	2.833346e-18	2.752230e-04	4.518956e-09	2.413506e-03	3.789427e-17	2.017460e-03	3.309889e-07	-1.034708e-16	6.794513e-06	-1.651474e-10	5.490094e-06	
4.000000e-01	2.108022e-04	2.340375e-18	2.358189e-04	4.580963e-09	2.403360e-03	3.773497e-17	1.936516e-03	3.761452e-07	-1.029971e-16	6.765949e-06	-1.732852e-10	5.265812e-06	
4.100000e-01	1.732916e-04	1.923923e-18	2.019264e-04	4.572830e-09	2.389610e-03	3.751908e-17	1.848769e-03	4.184283e-07	-1.025843e-16	6.727241e-06	-1.796420e-10	5.022094e-06	
4.200000e-01	1.417744e-04	1.574012e-18	1.728742e-04	4.508444e-09	2.372356e-03	3.724818e-17	1.752579e-03	4.577696e-07	-1.016502e-16	6.678666e-06	-1.840210e-10	4.760408e-06	
4.300000e-01	1.154351e-04	1.281587e-18	1.480496e-04	4.400055e-09	2.351703e-03	3.692391e-17	1.652604e-03	4.911811e-07	-1.007630e-16	6.620525e-06	-1.862611e-10	4.482632e-06	
4.400000e-01	9.354033e-05	1.038506e-18	1.268971e-04	4.258476e-09	2.327766e-03	3.654807e-17	1.547286e-03	5.186986e-07	-9.984521e-17	6.553136e-06	-1.862524e-10	4.191117e-06	
4.500000e-01	7.543670e-05	8.375156e-19	1.089174e-04	4.092153e-09	2.300663e-03	3.612254e-17	1.436307e-03	5.395332e-07	-9.864478e-17	6.476838e-06	-1.839505e-10	3.888705e-06	
4.600000e-01	6.054675e-05	6.722040e-19	9.366704e-05	3.909364e-09	2.270522e-03	3.564929e-17	1.324068e-03	5.518636e-07	-9.740292e-17	6.391983e-06	-1.793872e-10	3.578654e-06	
4.700000e-01	4.836433e-05	5.369519e-19	8.075008e-05	3.715697e-09	2.237472e-03	3.513038e-17	1.206431e-03	5.558939e-07	-9.592115e-17	6.298942e-06	-1.726912e-10	3.264774e-06	
4.800000e-01	3.844920e-05	4.268719e-19	6.982378e-05	3.516829e-09	2.201651e-03	3.456796e-17	1.092777e-03	5.503440e-07	-9.439426e-17	6.198099e-06	-1.640776e-10	2.951000e-06	
4.900000e-01	3.042140e-05	3.377454e-19	6.058590e-05	3.316627e-09	2.163200e-03	3.396424e-17	9.769313e-04	5.357128e-07	-9.271903e-17	6.089851e-06	-1.538660e-10	2.641584e-06	
5.000000e-01	2.395536e-05	2.659580e-19	5.277567e-05	3.118262e-09	2.122264e-03	3.332150e-17	8.683029e-04	5.129271e-07	-9.097183e-17	5.974606e-06	-1.424624e-10	2.340732e-06	
5.100000e-01	1.877413e-05	2.084347e-19	4.616833e-05	2.924597e-09	2.078990e-03	3.264206e-17	7.620405e-04	4.825805e-07	-8.917160e-17	5.852782e-06	-1.303473e-10	2.052460e-06	
5.200000e-01	1.464375e-05	1.625783e-19	4.057126e-05	2.737171e-09	2.033531e-03	3.192832e-17	6.615068e-04	4.462813e-07	-8.716223e-17	5.724806e-06	-1.180514e-10	1.780388e-06	
5.300000e-01	1.136795e-05	1.262096e-19	3.582114e-05	2.557426e-09	1.986041e-03	3.118268e-17	5.677642e-04	4.054211e-07	-8.507884e-17	5.591112e-06	-1.061231e-10	1.527512e-06	
5.400000e-01	8.783184e-06	9.751293e-20	3.177953e-05	2.386163e-09	1.936676e-03	3.040760e-17	4.824277e-04	3.621525e-07	-8.305929e-17	5.452138e-06	-9.509810e-11	1.296099e-06	
5.500000e-01	6.754037e-06	7.498487e-20	2.832786e-05	2.223956e-09	1.885593e-03	2.960555e-17	4.052178e-04	3.180959e-07	-8.079741e-17	5.308329e-06	-8.547242e-11	1.087671e-06	
5.600000e-01	5.169146e-06	5.738905e-20	2.536977e-05	2.071075e-09	1.832951e-03	2.877902e-17	3.366494e-04	2.748102e-07	-7.857318e-17	5.160131e-06	-7.765790e-11	9.027689e-07	
5.700000e-01	3.937499e-06	4.371502e-20	2.282325e-05	1.927426e-09	1.778908e-03	2.793050e-17	2.724664e-04	2.306978e-07	-7.635883e-17	5.007991e-06	-7.197613e-11	7.412135e-07	
5.800000e-01	2.985181e-06	3.314216e-20	2.062008e-05	1.792890e-09	1.723625e-03	2.706250e-17	2.249656e-04	1.955761e-07	-7.392573e-17	4.852356e-06	-6.864029e-11	6.021339e-07	
5.900000e-01	2.252535e-06	2.500817e-20	1.870324e-05	1.667304e-09	1.667258e-03	2.617750e-17	1.810424e-04	1.613261e-07	-7.145322e-17	4.693673e-06	-6.775274e-11	4.841178e-07	
6.000000e-01	1.691710e-06	1.878176e-20	1.702660e-05	1.550147e-09	1.609966e-03	2.527796e-17	1.442487e-04	1.312915e-07	-6.897577e-17	4.532385e-06	-6.930379e-11	3.853290e-07	
6.100000e-01	1.264550e-06	1.403933e-20	1.555139e-05	1.441126e-09	1.551905e-03	2.436635e-17	1.137529e-04	1.054033e-07	-6.660280e-17	4.368931e-06	-7.318850e-11	3.037192e-07	
6.200000e-01	9.408155e-07	1.044515e-20	1.424595e-05	1.339790e-09	1.493229e-03	2.344507e-17	8.889148e-05	8.359684e-08	-6.396282e-17	4.203744e-06	-7.921736e-11	2.371388e-07	
6.300000e-01	6.966806e-07	7.734708e-21	1.308413e-05	1.245595e-09	1.434088e-03	2.251651e-17	6.893184e-05	6.560089e-08	-6.152133e-17	4.037252e-06	-8.713479e-11	1.834643e-07	
6.400000e-01	5.134835e-07	5.700812e-21	1.204453e-05	1.158145e-09	1.374633e-03	2.158301e-17	5.288072e-05	5.083243e-08	-5.892308e-17	3.869874e-06	-9.663499e-11	1.406805e-07	
6.500000e-01	3.766911e-07	4.182111e-21	1.110932e-05	1.076921e-09	1.315009e-03	2.064686e-17	4.019943e-05	3.896819e-08	-5.635136e-17	3.702020e-06	-1.073811e-10	1.069450e-07	
6.600000e-01	2.750510e-07	3.053679e-21	1.026470e-05	1.001667e-09	1.255359e-03	1.971029e-17	3.035625e-05	2.962062e-08	-5.384133e-17	3.534092e-06	-1.190092e-10	8.061078e-08	
6.700000e-01	1.998999e-07	2.219335e-21	9.496527e-06	9.316096e-10	1.195820e-03	1.877548e-17	2.269823e-05	2.226797e-08	-5.124961e-17	3.366478e-06	-1.311839e-10	6.026958e-08	
6.800000e-01	1.446061e-07	1.605450e-21	8.797019e-06	8.666303e-10	1.136527e-03	1.784452e-17	1.684846e-05	1.660187e-08	-4.872400e-17	3.199555e-06	-1.435263e-10	4.469355e-08	
6.900000e-01	1.041209e-07	1.155974e-21	8.157022e-06	8.063136e-10	1.077609e-03	1.691946e-17	1.240946e-05	1.227142e-08	-4.617208e-17	3.033689e-06	-1.557100e-10	3.287902e-08	
7.000000e-01	7.462248e-08	8.284759e-22	7.569843e-06	7.502550e-10	1.019191e-03	1.600224e-17	9.067727e-06	8.995359e-09	-4.369722e-17	2.869231e-06	-1.674173e-10	2.399627e-08	
7.100000e-01	5.323344e-08	5.910099e-22	7.028997e-06	6.980667e-10	9.613922e-04	1.509475e-17	6.573220e-06	6.543836e-09	-4.122332e-17	2.706516e-06	-1.783798e-10	1.737753e-08	
7.200000e-01	3.779946e-08	4.196584e-22	6.529490e-06	6.495380e-10	9.043270e-04	1.419877e-17	9.400911e-06	9.353985e-09	-3.878921e-17	2.545865e-06	-1.883555e-10	1.248816e-08	
7.300000e-01	2.671628e-08	2.966103e-22	6.069455e-06	6.045103e-10	8.481037e-04	1.331601e-17	6.715722e-06	6.738925e-09	-3.637894e-17	2.387585e-06	-1.970635e-10	8.903952e-09	
7.400000e-01	1.879571e-08	2.086743e-22	1.381216e-06	1.364064e-10	7.928250e-04	1.244809e-17	9.740709e-06	9.858658e-09	-3.397348e-17	2.231964e-06	-8.350671e-10	2.575077e-08	
7.500000e-01	1.316246e-08	1.461326e-22	1.280641e-06	1.268572e-10	7.385874e-04	1.159650e-17	6.849487e-06	7.153938e-09	-3.167662e-17	2.079274e-06	-8.613465e-10	1.816440e-08	
7.600000e-01	9.175163e-09	1.018648e-22	1.189157e-06	1.180726e-10	6.854813e-04	1.076269e-17	4.775928e-06	5.275472e-09	-2.938759e-17	1.929770e-06	-8.799520e-10	1.273631e-08	
7.700000e-01	6.366377e-09	7.068098e-23	1.104184e-06	1.098412e-10	6.335910e-04	9.947965e-18	3.297491e-06	4.031736e-09	-2.716900e-17	1.783688e-06	-8.918636e-10	8.924789e-09	
7.800000e-01	4.397196e-09	4.881868e-23	1.025548e-06	1.021580e-10	5.829942e-04	9.153549e-18	2.255941e-06	3.252909e-09	-2.499401e-17	1.641248e-06	-8.967069e-10	6.297863e-09	
7.900000e-01	3.023204e-09	3.356431e-23	5.154202e-08	4.880317e-12	5.337622e-04	8.380561e-18	2.828166e-05	5.091700e-08	-2.288437e-17	1.502650e-06	-1.653518e-08	8.391591e-08	
8.000000e-01	2.069048e-09	2.297105e-23	8.214186e-08	8.026311e-12	4.859598e-04	7.630018e-18	2.165595e-05	5.299187e-08	-2.083551e-17	1.368076e-06	-9.544100e-09	3.677988e-08	
8.100000e-01	1.409575e-09	1.564943e-23	6.715952e-08	6.588626e-12	4.396451e-04	6.902835e-18	1.639148e-05	5.680105e-08	-1.884608e-17	1.237691e-06	-1.065981e-08	3.341599e-08	
8.200000e-01	9.559251e-10	1.061290e-23	2.795623e-08	2.708956e-12	3.948699e-04	6.199822e-18	1.221433e-05	6.149763e-08	-1.692881e-17	1.111639e-06	-2.321782e-08	6.369103e-08	
8.300000e-01	6.453281e-10	7.164581e-24	2.274193e-08	2.215629e-12	3.516792e-04	5.521689e-18	9.052545e-06	6.733875e-08	-1.507193e-17	9.900490e-07	-2.569532e-08	6.540258e-08	
8.400000e-01	4.336723e-10	4.814730e-24	1.847180e-08	1.807750e-12	3.101118e-04	4.869042e-18	6.615020e-06	7.362088e-08	-1.329200e-17	8.730282e-07	-2.828392e-08	6.932385e-08	
8.500000e-01	2.901152e-10	3.220926e-24	1.481325e-08	1.454870e-12	2.701999e-04	4.242389e-18	4.818191e-06	8.115822e-08	-1.159347e-17	7.606681e-07	-3.131809e-08	7.541023e-08	
8.600000e-01	1.932014e-10	2.144966e-24	1.196513e-08	1.178781e-12	2.319695e-04	3.642135e-18	3.421937e-06	8.833395e-08	-9.946197e-18	6.530416e-07	-3.419748e-08	8.169014e-08	
8.700000e-01	1.280808e-10	1.421983e-24	9.409741e-09	9.293600e-13	1.954403e-04	3.068593e-18	2.459118e-06	9.875445e-08	-8.381110e-18	5.502043e-07	-3.809813e-08	9.069456e-08	
8.800000e-01	8.452699e-11	9.384381e-25	7.579644e-09	7.501220e-13	1.606259e-04	2.521975e-18	1.675602e-06	1.067000e-07	-6.889508e-18	4.521948e-07	-4.116602e-08	9.785667e-08	
8.900000e-01	5.553250e-11	6.165346e-25	6.051990e-09	5.999246e-13	1.275342e-04	2.002406e-18	1.107256e-06	1.146825e-07	-5.467862e-18	3.590350e-07	-4.458222e-08	1.059162e-07	
9.000000e-01	3.631975e-11	4.032302e-25	4.888262e-09	4.853471e-13	9.616733e-05	1.509916e-18	6.992852e-07	1.220539e-07	-4.123210e-18	2.707307e-07	-4.742089e-08	1.126357e-07	
9.100000e-01	2.364750e-11	2.625400e-25	3.947764e-09	3.926151e-13	6.652168e-05	1.044452e-18	4.181450e-07	1.296389e-07	-2.850642e-18	1.872721e-07	-5.012489e-08	1.190495e-07	
9.200000e-01	1.532773e-11	1.701719e-25	6.303091e-09	6.288825e-13	3.858854e-05	6.058758e-19	2.300384e-07	1.380987e-07	-1.653571e-18	1.086346e-07	-2.662989e-08	6.324618e-08	
9.300000e-01	9.890613e-12	1.098079e-25	5.040269e-09	5.030797e-13	1.235403e-05	1.939696e-19	1.070136e-07	1.473042e-07	-5.293706e-19	3.477911e-08	-2.807019e-08	6.666667e-08	
9.400000e-01	6.353672e-12	7.053992e-26	4.023230e-09	4.017406e-13	-1.220057e-05	1.915603e-19	2.867073e-08	1.513288e-07	5.226469e-19	3.434711e-08	-2.945614e-08	6.995839e-08	
9.500000e-01	4.063360e-12	4.511236e-26	3.207836e-09	3.204047e-13	-3.509857e-05	5.510800e-19	-1.481650e-08	1.621762e-07	1.504193e-18	9.880964e-08	-3.075263e-08	7.303767e-08	
9.600000e-01	2.587067e-12	2.872222e-26	2.555378e-09	2.552684e-13	-5.636757e-05	8.850230e-19	-3.548886e-08	1.666688e-07	2.416921e-18	1.586862e-07	-3.193668e-08	7.584985e-08	
9.700000e-01	1.639815e-12	1.820560e-26	2.032714e-09	2.031174e-13	-7.603926e-05	1.193887e-18	-4.126121e-08	1.726988e-07	3.260732e-18	2.140661e-07	-3.300952e-08	7.839787e-08	
9.800000e-01	1.034784e-12	1.148840e-26	1.620016e-09	1.618869e-13	-9.414906e-05	1.478227e-18	-3.755341e-08	1.783409e-07	4.038473e-18	2.650489e-07	-3.384535e-08	8.038298e-08	
9.900000e-01	6.500912e-13	7.217462e-27	1.290405e-09	1.289776e-13	-1.107359e-04	1.738655e-18	-1.388539e-08	9.009930e-08	4.747720e-18	3.117441e-07	-3.450951e-08	8.196032e-08	
1.000000e+00	4.066042e-13	4.514213e-27	1.041723e-09	1.041353e-13	-1.258417e-04	1.975831e-18	-7.510658e-09	8.752493e-08	5.395955e-18	3.542701e-07	-3.450742e-08	8.195532e-08	
1.010000e+00	2.531889e-13	2.810961e-27	8.314482e-10	8.311735e-14	-1.395115e-04	2.190459e-18	-1.352377e-09	8.782153e-08	5.981604e-18	3.927533e-07	-3.468904e-08	8.238663e-08	
1.020000e+00	1.569622e-13	1.742631e-27	3.936730e-09	3.931505e-13	-1.517927e-04	2.383286e-18	4.515064e-09	8.745657e-08	6.507625e-18	4.273275e-07	-5.842854e-09	1.387680e-08	
1.030000e+00	9.687811e-14	1.075563e-27	3.231037e-09	3.222978e-13	-1.627350e-04	2.555091e-18	9.993693e-09	8.887030e-08	6.981291e-18	4.581324e-07	-5.643260e-09	1.340276e-08	
1.040000e+00	5.953035e-14	6.609196e-28	2.648325e-09	2.645819e-13	-1.723902e-04	2.706685e-18	1.447651e-08	8.724485e-08	7.389848e-18	4.853136e-07	-5.424961e-09	1.288430e-08	
1.050000e+00	3.641963e-14	4.043392e-28	2.168136e-09	2.167642e-13	-1.808114e-04	2.838907e-18	1.796680e-08	8.478957e-08	7.748894e-18	5.090212e-07	-5.190003e-09	1.232627e-08	
1.060000e+00	2.218294e-14	2.462801e-28	1.773272e-09	1.771794e-13	-1.880534e-04	2.952613e-18	2.038015e-08	8.127449e-08	8.060048e-18	5.294089e-07	-4.940382e-09	1.173341e-08	
1.070000e+00	1.345213e-14	1.493486e-28	1.449257e-09	1.448609e-13	-1.941719e-04	3.048678e-18	2.068616e-08	7.304863e-08	8.325798e-18	5.466335e-07	-4.678131e-09	1.111057e-08	
1.080000e+00	8.121810e-15	9.017020e-29	1.183795e-09	1.182909e-13	-1.992232e-04	3.127989e-18	2.124006e-08	6.852349e-08	8.542407e-18	5.608541e-07	-4.405822e-09	1.046383e-08	
1.090000e+00	4.882098e-15	5.420217e-29	9.667517e-10	9.665514e-14	-2.032644e-04	3.191440e-18	2.061834e-08	6.212029e-08	8.716140e-18	5.722310e-07	-4.125544e-09	9.798171e-09	
1.100000e+00	2.921820e-15	3.243872e-29	7.895996e-10	7.892987e-14	-2.063527e-04	3.239928e-18	1.953283e-08	5.584569e-08	8.851163e-18	5.809251e-07	-3.839652e-09	9.119176e-09	
1.110000e+00	1.740985e-15	1.932882e-29	1.412967e-09	1.412887e-13	-2.085452e-04	3.274352e-18	2.793418e-09	7.669776e-09	8.934889e-18	5.870973e-07	-1.621368e-09	3.850749e-09	
1.120000e+00	1.032839e-15	1.146682e-29	1.155806e-09	1.155745e-13	-2.098987e-04	3.295604e-18	2.647236e-09	7.043412e-09	9.005998e-18	5.909079e-07	-1.488869e-09	3.536064e-09	
1.130000e+00	6.100533e-16	6.772952e-30	9.439379e-10	9.438977e-14	-2.104697e-04	3.304569e-18	2.479115e-09	6.436289e-09	9.015798e-18	5.925153e-07	-1.361259e-09	3.232991e-09	
1.140000e+00	3.587575e-16	3.983008e-30	7.699607e-10	7.699398e-14	-2.103138e-04	3.302121e-18	2.308793e-09	5.880217e-09	9.014669e-18	5.920764e-07	-1.238721e-09	2.941962e-09	
1.150000e+00	2.100552e-16	2.332081e-30	6.385058e-10	6.384988e-14	-2.094857e-04	3.289119e-18	2.351261e-09	5.899050e-09	8.976225e-18	5.897450e-07	-1.102174e-09	2.617663e-09	
1.160000e+00	1.224520e-16	1.359490e-30	5.089868e-10	5.088605e-14	-2.080390e-04	3.266404e-18	9.168287e-09	2.273261e-08	8.924942e-18	5.856723e-07	-1.014135e-09	2.408572e-09	
1.170000e+00	7.107205e-17	7.890583e-31	4.187671e-08	4.187176e-12	-2.060260e-04	3.234799e-18	9.178502e-12	2.254831e-11	8.836077e-18	5.800054e-07	-8.987337e-12	2.134493e-11	
1.180000e+00	4.107079e-17	4.559774e-31	2.149804e-10	2.148762e-14	-2.034977e-04	3.195102e-18	1.528119e-08	3.726864e-08	8.732859e-18	5.728877e-07	-1.268872e-09	3.013570e-09	
1.190000e+00	2.363029e-17	2.623489e-31	3.479701e-08	3.479648e-12	-2.005033e-04	3.148088e-18	5.856812e-12	1.420264e-11	8.594358e-18	5.644579e-07	-5.648036e-12	1.341408e-11	
1.200000e+00	1.353651e-17	1.502855e-31	2.363031e-10	2.363022e-14	-1.970905e-04	3.094503e-18	1.303602e-09	3.147070e-09	8.446371e-18	5.548501e-07	-5.956620e-10	1.414697e-09	
1.210000e+00	7.720522e-18	8.571501e-32	2.017070e-10	2.016964e-14	-1.933050e-04	3.035068e-18	1.117755e-09	2.688930e-09	8.283660e-18	5.441933e-07	-4.968005e-10	1.179901e-09	
1.220000e+00	4.384183e-18	4.867421e-32	2.045991e-10	2.045795e-14	-1.891909e-04	2.970472e-18	9.448878e-10	2.266800e-09	8.114078e-18	5.326110e-07	-3.466035e-10	8.231833e-10	
1.230000e+00	2.478750e-18	2.751965e-32	1.771527e-10	1.771453e-14	-1.847899e-04	2.901373e-18	7.335685e-10	1.756030e-09	7.924586e-18	5.202215e-07	-2.815904e-10	6.687773e-10	
1.240000e+00	1.395336e-18	1.549134e-32	1.545356e-10	1.545253e-14	-1.801421e-04	2.828398e-18	2.994929e-10	7.157130e-10	7.722190e-18	5.071370e-07	-2.257128e-10	5.360679e-10	
1.250000e+00	7.820350e-19	8.682332e-33	1.095617e-10	1.095548e-14	-1.752853e-04	2.752142e-18	2.415073e-10	5.763719e-10	7.511491e-18	4.934641e-07	-2.212735e-10	5.255247e-10	
1.260000e+00	4.363901e-19	4.844903e-33	7.001475e-10	6.999455e-14	-1.702553e-04	2.673166e-18	1.761997e-10	4.200713e-10	7.297522e-18	4.793035e-07	-2.392103e-11	5.681246e-11	
1.270000e+00	2.424511e-19	2.691748e-33	5.885063e-10	5.883293e-14	-1.650856e-04	2.591997e-18	1.369932e-10	3.263324e-10	7.073058e-18	4.647498e-07	-1.954203e-11	4.641233e-11	
1.280000e+00	1.341138e-19	1.488963e-33	4.373651e-10	4.372913e-14	-1.598078e-04	2.509131e-18	4.301583e-10	1.024024e-09	6.852904e-18	4.498918e-07	-1.794692e-11	4.262393e-11	
1.290000e+00	7.386222e-20	8.200354e-34	3.694228e-10	3.693625e-14	-1.544514e-04	2.425029e-18	3.117673e-10	7.418106e-10	6.626462e-18	4.348122e-07	-1.441372e-11	3.423258e-11	
1.300000e+00	4.050136e-20	4.496554e-34	3.113864e-10	3.113629e-14	-1.490435e-04	2.340121e-18	1.945004e-10	4.626059e-10	6.387806e-18	4.195880e-07	-1.152944e-11	2.738242e-11	
1.310000e+00	2.211131e-20	2.454849e-34	4.927249e-10	4.926740e-14	-1.436095e-04	2.254802e-18	1.216224e-10	2.891807e-10	6.151315e-18	4.042902e-07	-4.882500e-12	1.159594e-11	
1.320000e+00	1.201866e-20	1.334340e-34	1.406490e-10	1.406441e-14	-1.381727e-04	2.169438e-18	7.445471e-11	1.769874e-10	5.920029e-18	3.889843e-07	-1.139115e-11	2.705398e-11	
1.330000e+00	6.504191e-21	7.221103e-35	1.167371e-10	1.167324e-14	-1.327542e-04	2.084363e-18	4.955563e-11	1.177770e-10	5.688442e-18	3.737302e-07	-9.083585e-12	2.157351e-11	
1.340000e+00	3.504491e-21	3.890767e-35	1.035431e-10	1.035411e-14	-1.273734e-04	1.999881e-18	3.314467e-11	7.876189e-11	5.454547e-18	3.585823e-07	-6.735905e-12	1.599777e-11	
1.350000e+00	1.879966e-21	2.087181e-35	2.662483e-10	2.662451e-14	-1.220480e-04	1.916266e-18	3.583644e-12	8.514837e-12	5.228993e-18	3.435900e-07	-1.712196e-12	4.066466e-12	
1.360000e+00	1.004077e-21	1.114749e-35	2.327555e-10	2.327393e-14	-1.167935e-04	1.833766e-18	2.715193e-12	6.450779e-12	5.008044e-18	3.287976e-07	-1.272087e-12	3.021207e-12	
1.370000e+00	5.339182e-22	5.927683e-36	2.107733e-10	2.107720e-14	-1.116240e-04	1.752601e-18	9.629517e-13	2.287624e-12	4.782792e-18	3.142445e-07	-9.065892e-13	2.153149e-12	
1.380000e+00	2.826648e-22	3.138210e-36	1.828062e-10	1.828055e-14	-1.065520e-04	1.672965e-18	7.105322e-13	1.687871e-12	4.568713e-18	2.999656e-07	-6.702765e-13	1.591907e-12	
1.390000e+00	1.489899e-22	1.654120e-36	1.594726e-10	1.594677e-14	-1.015882e-04	1.595028e-18	5.188592e-13	1.232496e-12	4.356921e-18	2.859915e-07	-4.895102e-13	1.162587e-12	
1.400000e+00	7.818586e-23	8.680374e-37	1.399622e-10	1.399608e-14	-9.674200e-05	1.518939e-18	4.085154e-13	9.703519e-13	4.144876e-18	2.723485e-07	-3.530171e-13	8.384156e-13	
1.410000e+00	4.084930e-23	4.535183e-37	7.073289e-09	7.072978e-13	-9.202142e-05	1.444821e-18	9.229557e-15	2.192248e-14	3.947025e-18	2.590591e-07	-4.392052e-15	1.043112e-14	
1.420000e+00	2.124831e-23	2.359037e-37	6.290521e-09	6.290091e-13	-8.743315e-05	1.372781e-18	6.498205e-15	1.543451e-14	3.749112e-18	2.461422e-07	-3.084419e-15	7.325495e-15	
1.430000e+00	1.100389e-23	1.221677e-37	5.574132e-09	5.574094e-13	-8.298266e-05	1.302905e-18	4.547848e-15	1.080185e-14	3.558778e-18	2.336132e-07	-2.159249e-15	5.128216e-15	
1.440000e+00	5.673460e-24	6.298806e-38	4.956667e-09	4.956380e-13	-7.867429e-05	1.235259e-18	3.144636e-15	7.468898e-15	3.372574e-18	2.214842e-07	-1.495941e-15	3.552859e-15	
1.450000e+00	2.912250e-24	3.233246e-38	2.196872e-09	2.196796e-13	-7.451134e-05	1.169897e-18	2.162284e-15	5.135637e-15	3.194887e-18	2.097647e-07	-2.064797e-15	4.903893e-15	
1.460000e+00	1.488285e-24	1.652329e-38	7.480842e-11	7.480712e-15	-7.049614e-05	1.106855e-18	6.869295e-14	1.631511e-13	3.022467e-18	1.984611e-07	-3.683039e-14	8.747219e-14	
1.470000e+00	7.572149e-25	8.406774e-39	3.435072e-09	3.434925e-13	-6.663015e-05	1.046155e-18	1.012361e-15	2.404421e-15	2.856134e-18	1.875775e-07	-4.836459e-16	1.148659e-15	
1.480000e+00	3.835534e-25	4.258298e-39	3.033070e-09	3.032964e-13	-6.291398e-05	9.878077e-19	6.860290e-16	1.629353e-15	2.696481e-18	1.771157e-07	-3.278270e-16	7.785892e-16	
1.490000e+00	1.934214e-25	2.147409e-39	2.675780e-09	2.675728e-13	-5.934756e-05	9.318116e-19	4.616999e-16	1.096556e-15	2.547303e-18	1.670755e-07	-2.207052e-16	5.241748e-16	
1.500000e+00	9.710773e-26	1.078112e-39	2.358825e-09	2.358713e-13	-5.593013e-05	8.781547e-19	3.085392e-16	7.327905e-16	2.398918e-18	1.574547e-07	-1.475284e-16	3.503800e-16	
