qt_to_Q	unpol_bn	err	unpol_rc	err	sivers_bn	err	sivers_rc	err	collins_bn	err	collins_rc	err
1.000000e-02	4.256231e-05	4.725366e-19	3.945741e-05	4.794314e-10	5.812543e-04	9.126229e-18	9.506171e-04	7.274451e-04	-2.492952e-17	1.636350e-06	-3.022259e-04	7.342224e-04	
2.000000e-02	4.242630e-05	4.710266e-19	3.933350e-05	4.777974e-10	1.162193e-03	1.824751e-17	1.440634e-03	7.060148e-04	-4.983847e-17	3.271811e-06	-1.442878e-04	7.195518e-04	
3.000000e-02	4.220058e-05	4.685206e-19	3.912783e-05	4.748545e-10	1.742501e-03	2.735888e-17	1.928293e-03	6.807871e-04	-7.475856e-17	4.905498e-06	1.516893e-05	7.010502e-04	
4.000000e-02	4.188660e-05	4.650346e-19	3.884167e-05	4.704864e-10	2.321864e-03	3.645542e-17	2.413304e-03	6.518970e-04	-9.952384e-17	6.536523e-06	1.759710e-04	6.788632e-04	
5.000000e-02	4.148633e-05	4.605908e-19	3.847685e-05	4.655005e-10	2.899968e-03	4.553218e-17	2.895426e-03	6.195081e-04	-1.244428e-16	8.164003e-06	3.379429e-04	6.531424e-04	
6.000000e-02	4.100230e-05	4.552170e-19	3.803568e-05	4.591736e-10	3.476499e-03	5.458425e-17	3.374422e-03	5.837875e-04	-1.491330e-16	9.787057e-06	5.009067e-04	6.240464e-04	
7.000000e-02	4.043755e-05	4.489470e-19	3.752078e-05	4.517610e-10	4.051146e-03	6.360674e-17	3.849928e-03	5.448877e-04	-1.735751e-16	1.140481e-05	6.646845e-04	5.917417e-04	
8.000000e-02	3.979558e-05	4.418197e-19	3.693538e-05	4.434073e-10	4.623599e-03	7.259477e-17	4.321895e-03	5.030161e-04	-1.981208e-16	1.301638e-05	8.290949e-04	5.563992e-04	
9.000000e-02	3.908032e-05	4.338787e-19	3.628302e-05	4.341174e-10	5.193547e-03	8.154349e-17	4.789882e-03	4.583288e-04	-2.224803e-16	1.462090e-05	9.939556e-04	5.181959e-04	
1.000000e-01	3.829612e-05	4.251724e-19	3.556759e-05	4.239098e-10	5.760685e-03	9.044808e-17	5.253788e-03	4.110296e-04	-2.467552e-16	1.621751e-05	1.159084e-03	4.773157e-04	
1.100000e-01	3.744767e-05	4.157527e-19	3.479333e-05	4.128946e-10	6.324707e-03	9.930375e-17	5.713316e-03	3.613048e-04	-2.708222e-16	1.780534e-05	1.324294e-03	4.339476e-04	
1.200000e-01	3.653998e-05	4.056753e-19	3.396477e-05	4.012316e-10	6.885310e-03	1.081057e-16	6.168237e-03	3.093530e-04	-2.953120e-16	1.938356e-05	1.489400e-03	3.882868e-04	
1.300000e-01	3.557830e-05	3.949985e-19	3.308657e-05	3.888386e-10	7.442195e-03	1.168493e-16	6.618337e-03	2.553770e-04	-3.189552e-16	2.095130e-05	1.654219e-03	3.405371e-04	
1.400000e-01	3.456810e-05	3.837830e-19	3.216375e-05	3.758846e-10	7.995064e-03	1.255299e-16	7.063379e-03	1.995830e-04	-3.426235e-16	2.250774e-05	1.818559e-03	2.909096e-04	
1.500000e-01	3.351500e-05	3.720913e-19	3.120133e-05	3.623660e-10	8.543622e-03	1.341428e-16	7.503127e-03	1.421813e-04	-3.661778e-16	2.405204e-05	1.982235e-03	2.396326e-04	
1.600000e-01	3.242474e-05	3.599870e-19	3.020451e-05	3.484916e-10	9.087578e-03	1.426834e-16	7.937336e-03	8.338781e-05	-3.896316e-16	2.558339e-05	2.145057e-03	1.869653e-04	
1.700000e-01	3.130310e-05	3.475342e-19	2.917853e-05	3.342470e-10	9.626644e-03	1.511472e-16	8.365844e-03	2.343253e-05	-4.122646e-16	2.710097e-05	2.306835e-03	1.332572e-04	
1.800000e-01	3.015585e-05	3.347972e-19	2.812859e-05	3.197266e-10	1.016054e-02	1.595298e-16	8.788425e-03	3.752237e-05	-4.355290e-16	2.860399e-05	2.467381e-03	7.924990e-05	
1.900000e-01	2.898874e-05	3.218397e-19	2.705990e-05	3.050676e-10	1.068897e-02	1.678268e-16	9.204870e-03	9.916345e-05	-4.584146e-16	3.009164e-05	2.626504e-03	2.984154e-05	
2.000000e-01	2.780743e-05	3.087244e-19	2.597761e-05	2.903124e-10	1.121168e-02	1.760337e-16	9.614978e-03	1.613086e-04	-4.805313e-16	3.156317e-05	2.784011e-03	4.312455e-05	
2.100000e-01	2.661741e-05	2.955126e-19	2.488663e-05	2.755059e-10	1.172838e-02	1.841464e-16	1.001858e-02	2.237214e-04	-5.027051e-16	3.301778e-05	2.939719e-03	9.675968e-05	
2.200000e-01	2.542403e-05	2.822635e-19	2.379189e-05	2.607073e-10	1.223881e-02	1.921606e-16	1.041535e-02	2.861627e-04	-5.246157e-16	3.445474e-05	3.093430e-03	1.532017e-04	
2.300000e-01	2.423242e-05	2.690339e-19	2.269802e-05	2.460310e-10	1.274270e-02	2.000721e-16	1.080529e-02	3.483984e-04	-5.462021e-16	3.587330e-05	3.244955e-03	2.101228e-04	
2.400000e-01	2.304744e-05	2.558780e-19	2.160947e-05	2.315734e-10	1.323980e-02	2.078770e-16	1.118800e-02	4.101805e-04	-5.675546e-16	3.727273e-05	3.394102e-03	2.669544e-04	
2.500000e-01	2.187371e-05	2.428470e-19	2.053043e-05	2.173068e-10	1.372984e-02	2.155712e-16	1.156347e-02	4.712685e-04	-5.886784e-16	3.865232e-05	3.540680e-03	3.233596e-04	
2.600000e-01	2.071553e-05	2.299886e-19	1.946484e-05	2.033475e-10	1.421259e-02	2.231508e-16	1.193145e-02	5.314128e-04	-6.094723e-16	4.001136e-05	3.684497e-03	3.790590e-04	
2.700000e-01	1.957688e-05	2.173470e-19	1.841634e-05	1.897145e-10	1.468780e-02	2.306120e-16	1.229177e-02	5.903604e-04	-6.292829e-16	4.134916e-05	3.825360e-03	4.337907e-04	
2.800000e-01	1.846140e-05	2.049627e-19	1.738828e-05	1.764989e-10	1.515523e-02	2.379511e-16	1.264427e-02	6.478572e-04	-6.499485e-16	4.266507e-05	3.963075e-03	4.872986e-04	
2.900000e-01	1.737240e-05	1.928724e-19	1.638369e-05	1.636690e-10	1.561464e-02	2.451643e-16	1.298874e-02	7.036414e-04	-6.701312e-16	4.395841e-05	4.097455e-03	5.393287e-04	
3.000000e-01	1.631281e-05	1.811086e-19	1.540529e-05	1.513030e-10	1.606582e-02	2.522482e-16	1.332515e-02	7.574576e-04	-6.890113e-16	4.522856e-05	4.228301e-03	5.896243e-04	
3.100000e-01	1.528523e-05	1.697001e-19	1.445548e-05	1.394460e-10	1.650853e-02	2.591992e-16	1.365323e-02	8.090323e-04	-7.079587e-16	4.647489e-05	4.355423e-03	6.379276e-04	
3.200000e-01	1.429187e-05	1.586716e-19	1.353632e-05	1.280880e-10	1.694257e-02	2.660139e-16	1.397270e-02	8.580860e-04	-7.267475e-16	4.769679e-05	4.478622e-03	6.839768e-04	
3.300000e-01	1.333461e-05	1.480439e-19	1.264959e-05	1.172537e-10	1.736771e-02	2.726892e-16	1.427852e-02	9.040323e-04	-7.444807e-16	4.889367e-05	4.597703e-03	7.275068e-04	
3.400000e-01	1.241497e-05	1.378338e-19	1.179671e-05	1.069615e-10	1.778377e-02	2.792217e-16	1.458639e-02	9.475935e-04	-7.629676e-16	5.006496e-05	4.712469e-03	7.682487e-04	
3.500000e-01	1.153414e-05	1.280547e-19	1.097884e-05	9.722437e-11	1.819055e-02	2.856084e-16	1.487936e-02	9.874175e-04	-7.801804e-16	5.121011e-05	4.822718e-03	8.059276e-04	
3.600000e-01	1.069299e-05	1.187160e-19	1.019680e-05	8.803910e-11	1.858785e-02	2.918464e-16	1.516365e-02	1.023615e-03	-7.966977e-16	5.232859e-05	4.928261e-03	8.402667e-04	
3.700000e-01	9.892069e-06	1.098240e-19	9.451176e-06	7.940357e-11	1.897548e-02	2.979326e-16	1.543878e-02	1.055865e-03	-8.135416e-16	5.341987e-05	5.028886e-03	8.709799e-04	
3.800000e-01	9.131659e-06	1.013818e-19	8.742272e-06	7.132680e-11	1.935328e-02	3.038644e-16	1.570467e-02	1.083864e-03	-8.296566e-16	5.448345e-05	5.124394e-03	8.977773e-04	
3.900000e-01	8.411756e-06	9.338925e-20	8.070156e-06	6.378728e-11	1.972108e-02	3.096391e-16	1.596125e-02	1.107302e-03	-8.457043e-16	5.551886e-05	5.214575e-03	9.203609e-04	
4.000000e-01	7.732113e-06	8.584369e-20	7.434658e-06	5.678470e-11	2.007870e-02	3.152541e-16	1.620822e-02	1.125845e-03	-8.614410e-16	5.652564e-05	5.299220e-03	9.384267e-04	
4.100000e-01	7.092254e-06	7.873983e-20	6.835406e-06	5.030543e-11	2.042599e-02	3.207070e-16	1.644558e-02	1.139170e-03	-8.762805e-16	5.750335e-05	5.378117e-03	9.516623e-04	
4.200000e-01	6.491499e-06	7.207012e-20	6.271842e-06	4.432463e-11	2.076281e-02	3.259953e-16	1.667324e-02	1.146940e-03	-8.896205e-16	5.845156e-05	5.451044e-03	9.597464e-04	
4.300000e-01	5.928987e-06	6.582498e-20	5.743221e-06	3.883321e-11	2.108901e-02	3.311169e-16	1.689105e-02	1.148801e-03	-9.041428e-16	5.936988e-05	5.517796e-03	9.623516e-04	
4.400000e-01	5.403694e-06	5.999306e-20	5.248684e-06	3.381067e-11	2.140445e-02	3.360697e-16	1.709892e-02	1.144394e-03	-9.185714e-16	6.025791e-05	5.578127e-03	9.591355e-04	
4.500000e-01	4.914461e-06	5.456148e-20	4.787213e-06	2.923143e-11	2.170901e-02	3.408516e-16	1.729682e-02	1.133350e-03	-9.306921e-16	6.111531e-05	5.631821e-03	9.497503e-04	
4.600000e-01	4.460012e-06	4.951609e-20	4.357693e-06	2.507682e-11	2.200257e-02	3.454607e-16	1.748449e-02	1.115276e-03	-9.436103e-16	6.194174e-05	5.678639e-03	9.338354e-04	
4.700000e-01	4.038976e-06	4.484164e-20	3.958918e-06	2.132119e-11	2.228501e-02	3.498953e-16	1.766200e-02	1.089785e-03	-9.560706e-16	6.273686e-05	5.718341e-03	9.110191e-04	
4.800000e-01	3.649905e-06	4.052209e-20	3.589606e-06	1.794546e-11	2.255623e-02	3.541536e-16	1.782912e-02	1.056457e-03	-9.668375e-16	6.350039e-05	5.750683e-03	8.809179e-04	
4.900000e-01	3.291298e-06	3.654075e-20	3.248426e-06	1.492297e-11	2.281612e-02	3.582341e-16	1.798588e-02	1.014877e-03	-9.782330e-16	6.423204e-05	5.775407e-03	8.431359e-04	
5.000000e-01	2.961611e-06	3.288049e-20	2.934004e-06	1.222973e-11	2.306460e-02	3.621355e-16	1.813213e-02	9.646015e-04	-9.894432e-16	6.493155e-05	5.792254e-03	7.972654e-04	
5.100000e-01	2.659282e-06	2.952396e-20	2.644941e-06	9.842887e-12	2.330157e-02	3.658563e-16	1.826780e-02	9.051792e-04	-9.987032e-16	6.559870e-05	5.800957e-03	7.428866e-04	
5.200000e-01	2.382738e-06	2.645370e-20	2.379826e-06	7.739486e-12	2.352698e-02	3.693953e-16	1.839282e-02	8.361450e-04	-1.007971e-15	6.623325e-05	5.801243e-03	6.795696e-04	
5.300000e-01	2.130412e-06	2.365233e-20	2.137251e-06	5.896225e-12	2.374073e-02	3.727515e-16	1.850705e-02	7.570138e-04	-1.017182e-15	6.683502e-05	5.792827e-03	6.068753e-04	
5.400000e-01	1.900758e-06	2.110266e-20	1.915822e-06	4.292039e-12	2.394278e-02	3.759239e-16	1.861042e-02	6.672927e-04	-1.026529e-15	6.740384e-05	5.775421e-03	5.243622e-04	
5.500000e-01	1.692255e-06	1.878781e-20	1.714163e-06	2.905988e-12	2.413307e-02	3.789115e-16	1.870282e-02	5.664741e-04	-1.034812e-15	6.793953e-05	5.748729e-03	4.315998e-04	
5.600000e-01	1.503422e-06	1.669134e-20	1.530933e-06	1.720309e-12	2.431155e-02	3.817138e-16	1.878418e-02	4.540396e-04	-1.043285e-15	6.844198e-05	5.712448e-03	3.282129e-04	
5.700000e-01	1.332822e-06	1.479729e-20	1.364824e-06	7.279144e-13	2.447818e-02	3.843300e-16	1.885436e-02	3.294614e-04	-1.049342e-15	6.891107e-05	5.666269e-03	2.140837e-04	
5.800000e-01	1.179069e-06	1.309030e-20	1.214576e-06	4.463163e-13	2.463292e-02	3.867596e-16	1.891327e-02	1.922061e-04	-1.056568e-15	6.934671e-05	5.609878e-03	9.133716e-05	
5.900000e-01	1.040837e-06	1.155562e-20	1.078978e-06	9.038371e-13	2.477576e-02	3.890023e-16	1.896076e-02	4.173698e-05	-1.062812e-15	6.974882e-05	5.542959e-03	6.570543e-05	
6.000000e-01	9.168597e-07	1.017919e-20	9.568698e-07	1.476167e-12	2.490666e-02	3.910577e-16	1.899672e-02	1.224817e-04	-1.067675e-15	7.011735e-05	5.465194e-03	2.103840e-04	
6.100000e-01	8.059340e-07	8.947665e-21	8.471486e-07	1.943183e-12	2.502563e-02	3.929256e-16	1.902100e-02	3.009758e-04	-1.072650e-15	7.045228e-05	5.376266e-03	3.744912e-04	
6.200000e-01	7.069241e-07	7.848434e-21	7.487694e-07	2.313344e-12	2.513266e-02	3.946060e-16	1.903342e-02	4.942588e-04	-1.077985e-15	7.075359e-05	5.275863e-03	5.531786e-04	
6.300000e-01	6.187611e-07	6.869628e-21	6.607466e-07	2.597794e-12	2.522775e-02	3.960990e-16	1.903381e-02	7.028201e-04	-1.081497e-15	7.102128e-05	5.163679e-03	7.463661e-04	
6.400000e-01	5.404433e-07	6.000126e-21	5.821544e-07	2.807461e-12	2.531091e-02	3.974047e-16	1.902195e-02	9.271163e-04	-1.084565e-15	7.125539e-05	5.039425e-03	9.543407e-04	
6.500000e-01	4.710364e-07	5.229555e-21	5.121265e-07	2.952506e-12	2.538216e-02	3.985233e-16	1.899772e-02	1.167564e-03	-1.088117e-15	7.145597e-05	4.902828e-03	1.177435e-03	
6.600000e-01	4.096719e-07	4.548272e-21	4.498558e-07	3.042231e-12	2.544152e-02	3.994553e-16	1.896076e-02	1.424511e-03	-1.090747e-15	7.162307e-05	-8.866832e-05	1.236062e-03	
6.700000e-01	3.555456e-07	3.947349e-21	3.945931e-07	3.084900e-12	2.548902e-02	4.002011e-16	1.891080e-02	1.698233e-03	-1.092656e-15	7.175679e-05	-9.262965e-05	1.235361e-03	
6.800000e-01	3.079158e-07	3.418553e-21	3.456449e-07	3.088127e-12	2.552470e-02	4.007613e-16	1.884760e-02	1.988922e-03	-1.093684e-15	7.185724e-05	-9.698466e-05	1.234690e-03	
6.900000e-01	2.661010e-07	2.954315e-21	3.023723e-07	3.058507e-12	2.554860e-02	4.011366e-16	1.877082e-02	2.296644e-03	-1.096326e-15	7.192453e-05	-1.017719e-04	1.234143e-03	
7.000000e-01	2.294770e-07	2.547706e-21	2.641885e-07	3.002061e-12	2.556077e-02	4.013278e-16	1.868005e-02	2.621326e-03	-1.096195e-15	7.195880e-05	-1.070333e-04	1.233814e-03	
7.100000e-01	1.974739e-07	2.192401e-21	2.305559e-07	2.923897e-12	2.556128e-02	4.013357e-16	1.857503e-02	2.962754e-03	-1.095560e-15	7.196023e-05	-1.128139e-04	1.233807e-03	
7.200000e-01	1.695738e-07	1.882648e-21	2.009841e-07	2.828668e-12	2.555018e-02	4.011614e-16	1.845485e-02	3.320425e-03	-1.095462e-15	7.192898e-05	-1.191629e-04	1.234226e-03	
7.300000e-01	1.453069e-07	1.613231e-21	1.750272e-07	2.720279e-12	2.552754e-02	4.008060e-16	1.832039e-02	3.693938e-03	-1.093396e-15	7.186525e-05	-1.261330e-04	1.235178e-03	
7.400000e-01	1.242489e-07	1.379440e-21	1.522805e-07	2.602515e-12	2.549344e-02	4.002706e-16	1.816994e-02	4.082184e-03	-1.093395e-15	7.176925e-05	-1.337814e-04	1.236772e-03	
7.500000e-01	1.060176e-07	1.177032e-21	1.323784e-07	2.477942e-12	2.544796e-02	3.995565e-16	1.800330e-02	4.484042e-03	-1.090712e-15	7.164121e-05	-3.099270e-04	7.360858e-04	
7.600000e-01	9.026976e-08	1.002196e-21	1.149911e-07	2.349128e-12	2.539119e-02	3.986651e-16	1.782019e-02	4.898089e-03	-1.088629e-15	7.148138e-05	-3.216905e-04	7.208808e-04	
7.700000e-01	7.669835e-08	8.515227e-22	9.982268e-08	2.218452e-12	2.532321e-02	3.975978e-16	1.761999e-02	5.322483e-03	-1.085628e-15	7.129002e-05	-3.336356e-04	7.035593e-04	
7.800000e-01	6.502933e-08	7.219706e-22	8.660738e-08	2.087349e-12	2.524414e-02	3.963563e-16	1.740729e-02	5.756735e-03	-1.082068e-15	7.106741e-05	-3.456882e-04	6.840707e-04	
7.900000e-01	5.501897e-08	6.108333e-22	7.510802e-08	1.957534e-12	2.515407e-02	3.949421e-16	1.716593e-02	6.193090e-03	-1.077814e-15	7.081384e-05	-3.577622e-04	6.623835e-04	
8.000000e-01	4.645106e-08	5.157104e-22	6.511313e-08	1.829930e-12	2.505311e-02	3.933569e-16	1.691325e-02	6.634605e-03	-1.073230e-15	7.052962e-05	-3.697601e-04	6.384903e-04	
8.100000e-01	3.913444e-08	4.344795e-22	5.643488e-08	1.705922e-12	2.494138e-02	3.916027e-16	1.664194e-02	7.075692e-03	-1.069344e-15	7.021508e-05	2.388211e-04	1.215041e-03	
8.200000e-01	3.290055e-08	3.652694e-22	4.890660e-08	1.585827e-12	2.481899e-02	3.896812e-16	1.634984e-02	7.511823e-03	-1.064288e-15	6.987054e-05	-1.172712e-04	9.454958e-04	
8.300000e-01	2.760120e-08	3.064349e-22	4.238089e-08	1.470322e-12	2.468608e-02	3.875944e-16	1.603857e-02	7.939692e-03	-1.058924e-15	6.949638e-05	-1.229088e-04	9.827605e-04	
8.400000e-01	2.310648e-08	2.565335e-22	3.672798e-08	1.359764e-12	2.454278e-02	3.853443e-16	1.570890e-02	8.355413e-03	-1.052019e-15	6.909294e-05	-1.291115e-04	1.022945e-03	
8.500000e-01	1.930283e-08	2.143045e-22	3.183332e-08	1.254638e-12	2.438921e-02	3.829331e-16	1.536399e-02	8.756278e-03	-1.045786e-15	6.866061e-05	-6.280662e-04	1.210861e-03	
8.600000e-01	1.609125e-08	1.786488e-22	2.759668e-08	1.154773e-12	2.422552e-02	3.803630e-16	1.500581e-02	9.139071e-03	-1.037993e-15	6.819979e-05	-6.794224e-04	1.222518e-03	
8.700000e-01	1.338569e-08	1.486110e-22	2.393041e-08	1.060562e-12	2.405185e-02	3.776363e-16	1.462365e-02	9.492459e-03	-1.031739e-15	6.771087e-05	-7.358294e-04	1.241150e-03	
8.800000e-01	1.111153e-08	1.233627e-22	2.075742e-08	9.717399e-13	2.386835e-02	3.747551e-16	1.422129e-02	9.813191e-03	-1.023345e-15	6.719428e-05	-1.199976e-03	9.066079e-04	
8.900000e-01	9.204267e-09	1.021879e-22	1.801091e-08	8.883035e-13	2.367517e-02	3.717221e-16	1.380850e-02	1.010291e-02	-1.015169e-15	6.665045e-05	-1.207673e-03	1.035295e-03	
9.000000e-01	7.608300e-09	8.446910e-23	1.563265e-08	8.102393e-13	2.347247e-02	3.685395e-16	1.338294e-02	1.035549e-02	-1.007277e-15	6.607980e-05	-1.198572e-03	1.067977e-03	
9.100000e-01	6.275801e-09	6.967539e-23	1.357212e-08	7.372526e-13	2.326041e-02	3.652099e-16	1.294523e-02	1.056687e-02	-9.974009e-16	6.548281e-05	-1.186362e-03	1.190054e-03	
9.200000e-01	5.165760e-09	5.735146e-23	1.178555e-08	6.692812e-13	2.303915e-02	3.617359e-16	1.249831e-02	1.073523e-02	-9.871686e-16	6.485992e-05	-1.032620e-03	1.064404e-03	
9.300000e-01	4.243099e-09	4.710787e-23	1.023512e-08	6.059812e-13	2.280886e-02	3.581202e-16	1.206241e-02	1.087502e-02	-9.787019e-16	6.421161e-05	-4.931321e-04	1.151864e-03	
9.400000e-01	3.477894e-09	3.861238e-23	8.888125e-09	5.472318e-13	2.256971e-02	3.543654e-16	1.158556e-02	1.093625e-02	-9.679511e-16	6.353836e-05	-4.978963e-04	1.055895e-03	
9.500000e-01	2.844685e-09	3.158235e-23	7.716525e-09	4.927711e-13	2.232188e-02	3.504742e-16	1.112457e-02	1.096770e-02	-9.563980e-16	6.284066e-05	-5.005209e-04	9.804175e-04	
9.600000e-01	2.321865e-09	2.577788e-23	6.696080e-09	4.423908e-13	2.206554e-02	3.464495e-16	1.066440e-02	1.095425e-02	-9.449133e-16	6.211902e-05	-5.054722e-04	1.232635e-03	
9.700000e-01	1.891146e-09	2.099594e-23	5.806065e-09	3.958924e-13	2.180088e-02	3.422940e-16	1.020781e-02	1.089764e-02	-9.349749e-16	6.137395e-05	-5.076067e-04	1.144591e-03	
9.800000e-01	1.537089e-09	1.706511e-23	5.028744e-09	3.529942e-13	2.152808e-02	3.380108e-16	9.758061e-03	1.080100e-02	-9.235782e-16	6.060595e-05	-5.075161e-04	1.061478e-03	
9.900000e-01	1.246692e-09	1.384106e-23	4.348793e-09	3.135237e-13	2.124732e-02	3.336026e-16	9.328705e-03	1.068011e-02	-9.110888e-16	5.981556e-05	-5.054304e-04	9.864862e-04	
1.000000e+00	1.009034e-09	1.120253e-23	3.748764e-09	2.768093e-13	2.095880e-02	3.290725e-16	8.898001e-03	1.051141e-02	-8.980235e-16	5.900331e-05	-5.022233e-04	9.211889e-04	
1.010000e+00	8.149661e-10	9.047941e-24	3.231279e-09	2.440412e-13	2.066271e-02	3.244236e-16	8.478842e-03	1.031061e-02	-8.854910e-16	5.816974e-05	-5.023606e-04	9.450322e-04	
1.020000e+00	6.568419e-10	7.292410e-24	2.773151e-09	2.136864e-13	2.035923e-02	3.196587e-16	8.070574e-03	1.007858e-02	-8.729719e-16	5.731540e-05	-4.950138e-04	9.088174e-04	
1.030000e+00	5.282873e-10	5.865167e-24	2.371172e-09	1.860303e-13	2.004857e-02	3.147811e-16	7.700651e-03	9.852322e-03	-8.595032e-16	5.644084e-05	-4.724162e-04	8.589904e-04	
1.040000e+00	4.240021e-10	4.707369e-24	2.017852e-09	1.608404e-13	1.973093e-02	3.097939e-16	7.342511e-03	9.601463e-03	-8.465855e-16	5.554661e-05	-4.651967e-04	8.234277e-04	
1.050000e+00	3.395899e-10	3.770205e-24	1.708065e-09	1.380640e-13	1.940651e-02	3.047002e-16	1.290781e-04	1.721014e-04	-8.328886e-16	5.463330e-05	-4.581882e-04	7.884271e-04	
1.060000e+00	2.714132e-10	3.013292e-24	1.436650e-09	1.175309e-13	1.907551e-02	2.995031e-16	6.697437e-03	9.082840e-03	-8.178937e-16	5.370146e-05	-7.298875e-04	1.190916e-03	
1.070000e+00	2.164698e-10	2.403297e-24	1.199403e-09	9.912754e-14	1.873813e-02	2.942060e-16	6.417522e-03	8.830395e-03	-8.033564e-16	5.275167e-05	-7.156162e-04	1.121785e-03	
1.080000e+00	1.722877e-10	1.912777e-24	9.927220e-10	8.272989e-14	1.839458e-02	2.888120e-16	6.168340e-03	8.589438e-03	-7.892048e-16	5.178452e-05	-7.051262e-04	1.057197e-03	
1.090000e+00	1.368366e-10	1.519191e-24	8.135065e-10	6.823222e-14	1.804508e-02	2.833244e-16	5.952026e-03	8.365264e-03	-7.739284e-16	5.080058e-05	-6.982502e-04	1.051733e-03	
1.100000e+00	1.084531e-10	1.204071e-24	6.590471e-10	5.551506e-14	1.768982e-02	2.777465e-16	5.772914e-03	8.165745e-03	-7.580926e-16	4.980045e-05	-6.991745e-04	9.903772e-04	
1.110000e+00	8.577759e-11	9.523225e-25	5.269610e-10	4.449485e-14	1.732901e-02	2.720815e-16	5.629952e-03	7.990397e-03	-7.433789e-16	4.878472e-05	-7.072235e-04	9.287721e-04	
1.120000e+00	6.770157e-11	7.516384e-25	4.150957e-10	3.504772e-14	1.696288e-02	2.663329e-16	5.531549e-03	7.851088e-03	-7.269210e-16	4.775399e-05	-7.239036e-04	8.649136e-04	
1.130000e+00	5.332332e-11	5.920078e-25	3.214789e-10	2.706599e-14	1.659164e-02	2.605040e-16	5.483021e-03	7.753887e-03	-7.106313e-16	4.670885e-05	-7.508667e-04	8.962642e-04	
1.140000e+00	4.191117e-11	4.653075e-25	2.442512e-10	2.044011e-14	1.621549e-02	2.545981e-16	5.491457e-03	7.705326e-03	-6.951430e-16	4.564991e-05	-7.898528e-04	9.680913e-04	
1.150000e+00	3.287285e-11	3.649619e-25	1.816262e-10	1.504741e-14	1.583465e-02	2.486187e-16	5.567118e-03	7.713456e-03	-6.786772e-16	4.457778e-05	-1.660544e-03	1.196784e-03	
1.160000e+00	2.573003e-11	2.856608e-25	1.318672e-10	1.075899e-14	1.544934e-02	2.425690e-16	5.722173e-03	7.784693e-03	-6.623775e-16	4.349306e-05	-1.838899e-03	8.743039e-04	
1.170000e+00	2.009739e-11	2.231258e-25	9.326187e-11	7.439744e-15	1.505978e-02	2.364525e-16	5.974173e-03	7.926561e-03	-6.456034e-16	4.239637e-05	-2.045964e-03	1.208247e-03	
1.180000e+00	1.566520e-11	1.739187e-25	6.412836e-11	4.951450e-15	1.466618e-02	2.302727e-16	6.339584e-03	8.136103e-03	-6.290891e-16	4.128831e-05	-1.383020e-03	9.640070e-04	
1.190000e+00	1.218512e-11	1.352821e-25	4.282798e-11	3.157564e-15	1.426877e-02	2.240329e-16	6.854685e-03	8.422702e-03	-6.113201e-16	4.016950e-05	-1.239608e-03	8.690161e-04	
1.200000e+00	9.458505e-12	1.050105e-25	2.780339e-11	1.930212e-15	1.386775e-02	2.177365e-16	7.531213e-03	8.746377e-03	-5.945183e-16	3.904056e-05	-1.360812e-03	1.123565e-03	
1.210000e+00	7.326799e-12	8.134381e-26	1.761387e-11	1.161761e-15	1.346336e-02	2.113871e-16	8.382503e-03	9.049480e-03	-5.770131e-16	3.790210e-05	-1.352825e-03	8.486384e-04	
1.220000e+00	5.663778e-12	6.288057e-26	1.098163e-11	7.719139e-16	1.305580e-02	2.049881e-16	9.372389e-03	9.203151e-03	-5.600863e-16	3.675474e-05	-1.336758e-03	8.579015e-04	
1.230000e+00	4.369172e-12	4.850755e-26	6.831899e-12	2.944641e-16	1.264530e-02	1.985429e-16	1.038842e-02	9.012076e-03	-5.423880e-16	3.559911e-05	-1.299812e-03	1.216266e-03	
1.240000e+00	3.363518e-12	3.734256e-26	4.314412e-12	1.368882e-16	1.223208e-02	1.920550e-16	1.123012e-02	8.268473e-03	-5.247276e-16	3.443581e-05	-1.059251e-03	9.432125e-04	
1.250000e+00	2.583992e-12	2.868808e-26	2.805223e-12	5.884880e-17	1.181636e-02	1.855278e-16	1.169221e-02	6.896437e-03	-5.063838e-16	3.326548e-05	-1.345483e-03	1.053034e-03	
1.260000e+00	1.981035e-12	2.199391e-26	1.883552e-12	2.328717e-17	1.139837e-02	1.789649e-16	1.166175e-02	5.036740e-03	-4.884426e-16	3.208873e-05	-1.087984e-03	1.022300e-03	
1.270000e+00	1.515646e-12	1.682705e-26	1.288005e-12	8.474520e-18	1.097831e-02	1.723696e-16	1.126269e-02	3.021574e-03	-4.701080e-16	3.090619e-05	-6.278133e-04	6.214904e-04	
1.280000e+00	1.157201e-12	1.284751e-26	8.531885e-13	3.550536e-18	1.055642e-02	1.657455e-16	1.067949e-02	1.118148e-03	-4.525687e-16	2.971848e-05	-4.106812e-04	1.066424e-03	
