0.010	 0.000e+00	 6.976e-11	 2.323e-11
  0.060	 0.000e+00	 3.771e-10	 1.455e-10
  0.110	 0.000e+00	 -3.927e-10	 3.056e-09
  0.160	 0.000e+00	 6.689e-10	 1.034e-10
  0.210	 0.000e+00	 -6.334e-10	 4.305e-09
  0.260	 0.000e+00	 -5.408e-11	 4.451e-09
  0.310	 0.000e+00	 4.416e-10	 1.110e-10
  0.360	 0.000e+00	 -1.127e-11	 2.737e-09
  0.410	 0.000e+00	 -8.277e-11	 1.662e-09
  0.460	 0.000e+00	 -1.086e-10	 1.693e-09
  0.510	 0.000e+00	 -3.922e-10	 6.434e-10
  0.560	 0.000e+00	 -3.421e-12	 5.019e-10
  0.610	 0.000e+00	 -1.411e-11	 2.130e-10
  0.660	 0.000e+00	 -1.218e-10	 1.666e-10
  0.710	 0.000e+00	 -4.609e-11	 7.628e-11
  0.760	 0.000e+00	 -4.146e-11	 3.900e-11
  0.810	 0.000e+00	 -2.175e-11	 9.371e-12
  