0.020	 5.971e-08	 5.278e-08	 2.225e-10
  0.050	 1.480e-07	 1.298e-07	 8.482e-10
  0.080	 2.320e-07	 2.029e-07	 1.103e-09
  0.110	 3.079e-07	 2.703e-07	 8.149e-10
  0.140	 3.749e-07	 3.301e-07	 1.909e-09
  0.170	 4.322e-07	 3.797e-07	 2.391e-09
  0.200	 4.761e-07	 4.202e-07	 3.528e-09
  0.230	 5.083e-07	 4.491e-07	 3.545e-09
  0.260	 5.292e-07	 4.670e-07	 3.649e-09
  0.290	 5.373e-07	 4.762e-07	 2.515e-09
  0.320	 5.359e-07	 4.755e-07	 3.298e-09
  0.350	 5.205e-07	 4.630e-07	 1.771e-09
  0.380	 4.993e-07	 4.443e-07	 2.164e-09
  0.410	 4.727e-07	 4.217e-07	 3.381e-09
  0.440	 4.380e-07	 3.922e-07	 2.556e-09
  0.470	 4.028e-07	 3.596e-07	 1.904e-09
  