0.010	 6.167e-08	 4.194e-08	 1.394e-10
0.040	 2.397e-07	 1.631e-07	 1.275e-09
0.070	 3.935e-07	 2.698e-07	 1.616e-09
0.100	 5.119e-07	 3.493e-07	 2.578e-09
0.110	 5.412e-07	  3.694e-07	 2.251e-09
0.130	 5.805e-07	 4.000e-07	 2.049e-09
0.140	 5.889e-07	  4.080e-07	 3.499e-09
0.160	 6.037e-07	 4.173e-07	 2.639e-09
0.190	 5.839e-07	 4.073e-07	 2.158e-09
0.220	 5.351e-07	 3.757e-07	 2.266e-09
0.250	 4.643e-07	 3.277e-07	 1.761e-09
0.280	 3.822e-07	 2.753e-07	 1.596e-09
0.310	 3.003e-07	 2.203e-07	 1.307e-09
0.340	 2.270e-07	 1.692e-07	 9.093e-10
0.370	 1.639e-07	 1.253e-07	 7.999e-10
0.400	 1.132e-07	 8.986e-08	 6.963e-10
0.430	 7.533e-08	 6.233e-08	 4.049e-10
0.460	 4.823e-08	 4.240e-08	 2.401e-10
0.490	 2.970e-08	 2.805e-08	 2.217e-10
  
