0.020	 3.130e-07	 2.744e-07	 1.358e-09
  0.050	 7.801e-07	 6.810e-07	 3.704e-09
  0.080	 1.233e-06	 1.079e-06	 8.203e-09
  0.110	 1.671e-06	 1.462e-06	 1.005e-08
  0.140	 2.082e-06	 1.822e-06	 1.369e-08
  0.170	 2.467e-06	 2.160e-06	 5.901e-09
  0.200	 2.803e-06	 2.461e-06	 1.553e-08
  0.230	 3.104e-06	 2.728e-06	 8.985e-09
  0.260	 3.379e-06	 2.973e-06	 1.332e-08
  0.290	 3.601e-06	 3.164e-06	 1.812e-08
  0.320	 3.771e-06	 3.316e-06	 1.410e-08
  0.350	 3.895e-06	 3.421e-06	 2.103e-08
  0.380	 3.985e-06	 3.498e-06	 2.623e-08
  0.410	 4.007e-06	 3.555e-06	 2.161e-08
  0.440	 4.016e-06	 3.540e-06	 2.371e-08
  0.470	 3.959e-06	 3.504e-06	 1.916e-08
  