0.010	 5.421e-07	 3.724e-07	 2.578e-09
  0.040	 2.077e-06	 1.429e-06	 9.465e-09
  0.070	 3.325e-06	 2.296e-06	 8.359e-09
  0.100	 4.128e-06	 2.862e-06	 1.549e-08
  0.130	 4.423e-06	 3.093e-06	 1.925e-08
  0.160	 4.266e-06	 3.014e-06	 1.637e-08
  0.190	 3.791e-06	 2.704e-06	 1.080e-08
  0.220	 3.126e-06	 2.271e-06	 1.535e-08
  0.250	 2.393e-06	 1.773e-06	 1.182e-08
  0.280	 1.719e-06	 1.313e-06	 6.397e-09
  0.310	 1.167e-06	 9.214e-07	 5.288e-09
  0.340	 7.406e-07	 6.160e-07	 4.620e-09
  0.370	 4.464e-07	 3.961e-07	 2.244e-09
  0.400	 2.535e-07	 2.475e-07	 1.404e-09
  0.430	 1.354e-07	 1.513e-07	 1.237e-09
  0.460	 6.881e-08	 9.247e-08	 8.797e-10
  0.490	 3.299e-08	 5.734e-08	 5.527e-10
  