0.020	 5.119e-08	 4.405e-08	 2.641e-10
  0.050	 1.253e-07	 1.079e-07	 5.078e-10
  0.080	 1.921e-07	 1.661e-07	 8.063e-10
  0.110	 2.490e-07	 2.140e-07	 1.276e-09
  0.140	 2.922e-07	 2.523e-07	 1.479e-09
  0.170	 3.199e-07	 2.768e-07	 1.857e-09
  0.200	 3.341e-07	 2.901e-07	 1.868e-09
  0.230	 3.352e-07	 2.901e-07	 1.411e-09
  0.260	 3.243e-07	 2.813e-07	 9.555e-10
  0.290	 3.031e-07	 2.640e-07	 1.878e-09
  0.320	 2.737e-07	 2.408e-07	 2.211e-09
  0.350	 2.429e-07	 2.136e-07	 9.514e-10
  0.380	 2.089e-07	 1.850e-07	 1.158e-09
  0.410	 1.760e-07	 1.566e-07	 7.915e-10
  0.440	 1.448e-07	 1.298e-07	 9.734e-10
  0.470	 1.164e-07	 1.052e-07	 4.759e-10
  