0.020	 3.128e-07	 2.744e-07	 1.551e-09
  0.050	 7.807e-07	 6.825e-07	 2.885e-09
  0.080	 1.228e-06	 1.080e-06	 6.100e-09
  0.110	 1.673e-06	 1.462e-06	 8.633e-09
  0.140	 2.084e-06	 1.823e-06	 7.712e-09
  0.170	 2.463e-06	 2.154e-06	 1.159e-08
  0.200	 2.802e-06	 2.466e-06	 1.382e-08
  0.230	 3.108e-06	 2.729e-06	 1.229e-08
  0.260	 3.369e-06	 2.971e-06	 1.053e-08
  0.290	 3.592e-06	 3.164e-06	 1.592e-08
  0.320	 3.761e-06	 3.314e-06	 1.984e-08
  0.350	 3.906e-06	 3.439e-06	 2.501e-08
  0.380	 3.984e-06	 3.505e-06	 1.981e-08
  0.410	 4.006e-06	 3.540e-06	 2.228e-08
  0.440	 4.008e-06	 3.553e-06	 2.599e-08
  0.470	 3.978e-06	 3.518e-06	 2.258e-08
 
