0.020	 5.451e-08	 4.984e-08	 1.840e-10
0.050	 1.349e-07	 1.241e-07	 1.118e-09
0.080	 2.151e-07	 1.972e-07	 1.925e-09
0.110	 2.930e-07	 2.668e-07	 2.522e-09
0.140	 3.669e-07	 3.382e-07	 2.734e-09
0.170	 4.328e-07	 3.996e-07	 3.996e-09
0.200	 5.012e-07	 4.605e-07	 4.519e-09
0.230	 5.640e-07	 5.159e-07	 5.156e-09
0.260	 6.147e-07	 5.651e-07	 4.635e-09
0.290	 6.631e-07	 6.122e-07	 3.723e-09
0.320	 7.070e-07	 6.504e-07	 6.419e-09
0.350	 7.462e-07	 6.822e-07	 6.365e-09
0.380	 7.658e-07	 7.074e-07	 4.983e-09
0.410	 7.895e-07	 7.312e-07	 5.489e-09
0.440	 8.053e-07	 7.436e-07	 6.285e-09
0.470	 8.140e-07	 7.535e-07	 5.416e-09
  
